-0.088386 -0.009891 -0.278800
-0.089500 0.000000 -0.079500
-0.089500 0.000000 -0.278800
-0.088386 0.009891 -0.079500
-0.088374 0.009944 -0.278800
-0.088374 -0.009944 -0.079500
-0.085089 -0.019312 -0.278800
-0.085055 -0.019383 -0.079500
-0.086436 -0.009447 -0.079500
-0.087500 0.000000 -0.079500
-0.073076 -0.034525 -0.101500
-0.072725 -0.034807 -0.079500
-0.083288 -0.018443 -0.079500
-0.072746 -0.034790 -0.278800
-0.074487 -0.033328 -0.147570
-0.074086 -0.033679 -0.101796
-0.074134 -0.033637 -0.101833
-0.074487 -0.033328 -0.102500
-0.055028 -0.043355 -0.101500
-0.054916 -0.043380 -0.079500
-0.063414 -0.038303 -0.079500
-0.064553 -0.039973 -0.101500
-0.071510 -0.033218 -0.079500
-0.045000 -0.044500 -0.101500
-0.035161 -0.043398 -0.079500
-0.054406 -0.041445 -0.079500
-0.034972 -0.043355 -0.101500
-0.025732 -0.040111 -0.079500
-0.035530 -0.041431 -0.079500
-0.025446 -0.039973 -0.101500
-0.017254 -0.034790 -0.079500
-0.018517 -0.033240 -0.079500
-0.004945 -0.019383 -0.278800
-0.004911 -0.019312 -0.079500
-0.006745 -0.018512 -0.079500
-0.015513 -0.033328 -0.102500
-0.015866 -0.033637 -0.101833
-0.015914 -0.033679 -0.101796
-0.016924 -0.034525 -0.101500
-0.001626 -0.009944 -0.278800
-0.001614 -0.009891 -0.079500
-0.003576 -0.009498 -0.079500
-0.000500 0.000000 -0.278800
-0.000500 0.000000 -0.079500
-0.001626 0.009944 -0.079500
-0.002500 0.000000 -0.079500
-0.001614 0.009891 -0.278800
-0.003564 -0.009447 -0.278800
-0.002500 0.000000 -0.278800
-0.016924 -0.034525 -0.148570
-0.017275 -0.034807 -0.278800
-0.006712 -0.018443 -0.278800
-0.015513 -0.033328 -0.147570
-0.015914 -0.033679 -0.148274
-0.015866 -0.033637 -0.148237
-0.034972 -0.043355 -0.148570
-0.035084 -0.043380 -0.278800
-0.026587 -0.038303 -0.278800
-0.025447 -0.039973 -0.148570
-0.018490 -0.033218 -0.278800
-0.045000 -0.044500 -0.148570
-0.054839 -0.043398 -0.278800
-0.035594 -0.041445 -0.278800
-0.055028 -0.043355 -0.148570
-0.064268 -0.040111 -0.278800
-0.054470 -0.041431 -0.278800
-0.064554 -0.039973 -0.148570
-0.071483 -0.033240 -0.278800
-0.083255 -0.018512 -0.278800
-0.074134 -0.033637 -0.148237
-0.074086 -0.033679 -0.148274
-0.073076 -0.034525 -0.148570
-0.086424 -0.009498 -0.278800
-0.087500 0.000000 -0.278800
-0.023477 -0.046901 -0.102500
-0.023883 -0.046889 -0.101793
-0.024857 -0.046838 -0.101500
-0.037690 -0.053833 -0.101500
-0.052322 -0.053830 -0.101500
-0.065144 -0.046837 -0.101500
-0.066117 -0.046889 -0.101793
-0.066523 -0.046901 -0.102500
-0.066523 -0.046901 -0.147570
-0.066117 -0.046889 -0.148277
-0.065143 -0.046838 -0.148570
-0.052310 -0.053833 -0.148570
-0.037678 -0.053830 -0.148570
-0.024856 -0.046837 -0.148570
-0.023883 -0.046889 -0.148277
-0.023477 -0.046901 -0.147570
-0.003576 0.009498 -0.278800
-0.004911 0.019312 -0.278800
-0.006745 0.018512 -0.278800
-0.017254 0.034790 -0.278800
-0.004945 0.019383 -0.079500
-0.018517 0.033240 -0.278800
-0.025732 0.040111 -0.278800
-0.016924 0.034525 -0.148570
-0.015513 0.033328 -0.147570
-0.015866 0.033637 -0.148237
-0.015914 0.033679 -0.148274
-0.035530 0.041431 -0.278800
-0.035161 0.043398 -0.278800
-0.027732 0.041013 -0.148570
-0.054406 0.041445 -0.278800
-0.054916 0.043380 -0.278800
-0.039925 0.044210 -0.248570
-0.063414 0.038303 -0.278800
-0.072725 0.034807 -0.278800
-0.062268 0.041013 -0.148570
-0.050075 0.044210 -0.148570
-0.050075 0.044210 -0.248570
-0.045000 0.044500 -0.248570
-0.083288 0.018443 -0.278800
-0.085055 0.019383 -0.278800
-0.073076 0.034525 -0.148570
-0.071510 0.033218 -0.278800
-0.086436 0.009447 -0.278800
-0.085089 0.019312 -0.079500
-0.072746 0.034790 -0.079500
-0.074487 0.033328 -0.102500
-0.074086 0.033679 -0.148274
-0.074134 0.033637 -0.148237
-0.074487 0.033328 -0.147570
-0.087500 0.000000 -0.272300
-0.086436 -0.009447 -0.272300
-0.086424 0.009498 -0.272300
-0.083255 0.018512 -0.272300
-0.071483 0.033240 -0.272300
-0.054470 0.041431 -0.272300
-0.035594 0.041445 -0.272300
-0.026587 0.038303 -0.272300
-0.018490 0.033218 -0.272300
-0.006712 0.018443 -0.272300
-0.003564 0.009447 -0.272300
-0.002500 0.000000 -0.272300
-0.003576 -0.009498 -0.272300
-0.006745 -0.018512 -0.272300
-0.018517 -0.033240 -0.272300
-0.035530 -0.041431 -0.272300
-0.054406 -0.041445 -0.272300
-0.063414 -0.038303 -0.272300
-0.071510 -0.033218 -0.272300
-0.083288 -0.018443 -0.272300
-0.003564 0.009447 -0.079500
-0.016924 0.034525 -0.101500
-0.017275 0.034807 -0.079500
-0.006712 0.018443 -0.079500
-0.015914 0.033679 -0.101796
-0.015866 0.033637 -0.101833
-0.015513 0.033328 -0.102500
-0.034972 0.043355 -0.101500
-0.035084 0.043380 -0.079500
-0.026587 0.038303 -0.079500
-0.025447 0.039973 -0.101500
-0.018490 0.033218 -0.079500
-0.045000 0.044500 -0.101500
-0.054839 0.043398 -0.079500
-0.035594 0.041445 -0.079500
-0.055028 0.043355 -0.101500
-0.064268 0.040111 -0.079500
-0.054470 0.041431 -0.079500
-0.064554 0.039973 -0.101500
-0.071483 0.033240 -0.079500
-0.083255 0.018512 -0.079500
-0.074134 0.033637 -0.101833
-0.074086 0.033679 -0.101796
-0.073076 0.034525 -0.101500
-0.086424 0.009498 -0.079500
-0.049853 0.044325 -0.148570
-0.049853 0.044325 -0.248570
-0.050094 0.044907 -0.148570
-0.049860 0.044797 -0.148570
-0.065144 0.046837 -0.148570
-0.051138 0.045395 -0.148570
-0.051563 0.046467 -0.148570
-0.052322 0.053830 -0.148570
-0.066117 0.046889 -0.148277
-0.066523 0.046901 -0.147570
-0.066523 0.046901 -0.102500
-0.066117 0.046889 -0.101793
-0.065143 0.046838 -0.101500
-0.052310 0.053833 -0.101500
-0.037678 0.053830 -0.101500
-0.024856 0.046837 -0.101500
-0.023883 0.046889 -0.101793
-0.023477 0.046901 -0.102500
-0.023477 0.046901 -0.147570
-0.023883 0.046889 -0.148277
-0.024857 0.046838 -0.148570
-0.039925 0.044210 -0.148570
-0.038862 0.045395 -0.148570
-0.038437 0.046467 -0.148570
-0.037690 0.053833 -0.148570
-0.040146 0.044325 -0.248570
-0.040146 0.044325 -0.148570
-0.039907 0.044907 -0.148570
-0.040140 0.044797 -0.148570
-0.049764 0.044557 -0.248570
-0.040000 0.048030 -0.248570
-0.040236 0.044557 -0.248570
-0.087500 -0.000000 -0.078300
-0.083290 0.018441 -0.078300
-0.083290 -0.018441 -0.078300
-0.071501 -0.033226 -0.078300
-0.054454 -0.041435 -0.078300
-0.035546 -0.041435 -0.078300
-0.018499 -0.033226 -0.078300
-0.006710 -0.018441 -0.078300
-0.002500 0.000000 -0.078300
-0.006710 0.018441 -0.078300
-0.018499 0.033226 -0.078300
-0.035546 0.041435 -0.078300
-0.054454 0.041435 -0.078300
-0.071501 0.033226 -0.078300
-0.088376 -0.009915 -0.078300
-0.088394 0.009838 -0.078300
-0.079804 -0.027723 -0.078300
-0.064381 -0.040051 -0.078300
-0.035110 -0.043382 -0.078300
-0.054943 -0.043370 -0.078300
-0.025690 -0.040086 -0.078300
-0.010213 -0.027744 -0.078300
-0.001606 -0.009838 -0.078300
-0.004892 -0.019266 -0.078300
-0.001623 0.009915 -0.078300
-0.025385 -0.005329 -0.073000
-0.024947 -0.003697 -0.073000
-0.026534 0.005303 -0.073000
-0.024947 -0.003697 -0.063000
-0.026916 -0.006044 -0.073000
-0.027218 0.006488 -0.073000
-0.027218 0.006488 -0.063000
-0.026534 0.005303 -0.063000
-0.025385 -0.005329 -0.063000
-0.067615 0.006488 -0.073000
-0.067916 -0.006044 -0.073000
-0.026916 -0.006044 -0.063000
-0.066329 0.006956 -0.073000
-0.028503 0.006956 -0.073000
-0.068299 0.005303 -0.073000
-0.069448 -0.005329 -0.073000
-0.067916 -0.006044 -0.063000
-0.069886 -0.003697 -0.073000
-0.069448 -0.005329 -0.063000
-0.068299 0.005303 -0.063000
-0.069886 -0.003697 -0.063000
-0.067615 0.006488 -0.063000
-0.066329 0.006956 -0.063000
-0.028503 0.006956 -0.063000
-0.010196 0.027723 -0.078300
-0.025619 0.040051 -0.078300
-0.054890 0.043382 -0.078300
-0.035057 0.043370 -0.078300
-0.064310 0.040086 -0.078300
-0.079787 0.027744 -0.078300
-0.085108 0.019266 -0.078300
-0.049764 0.044557 -0.148570
-0.049860 0.044797 -0.248570
-0.040140 0.044797 -0.248570
-0.040236 0.044557 -0.148570
-0.039907 0.044907 -0.248570
-0.038895 0.047572 -0.248570
-0.038862 0.045395 -0.248570
-0.038437 0.046467 -0.248570
-0.038895 0.047572 -0.148570
-0.050000 0.048030 -0.248570
-0.050000 0.048030 -0.148570
-0.040000 0.048030 -0.148570
-0.050094 0.044907 -0.248570
-0.051105 0.047572 -0.248570
-0.051138 0.045395 -0.248570
-0.051563 0.046467 -0.248570
-0.051105 0.047572 -0.148570
-0.037298 0.054462 -0.148277
-0.052702 0.054462 -0.148277
-0.037132 0.054721 -0.147570
-0.052868 0.054721 -0.147570
-0.037132 0.054721 -0.102500
-0.052868 0.054721 -0.102500
-0.037298 0.054462 -0.101793
-0.052702 0.054462 -0.101793
-0.037132 -0.054721 -0.102500
-0.037132 -0.054721 -0.147570
-0.052868 -0.054721 -0.102500
-0.052868 -0.054721 -0.147570
-0.037298 -0.054462 -0.148277
-0.052702 -0.054462 -0.148277
-0.052702 -0.054462 -0.101793
-0.037298 -0.054462 -0.101793
-0.045000 -0.044496 -0.068000
-0.045000 -0.044496 -0.078300
-0.062007 -0.041118 -0.068000
-0.027993 -0.041118 -0.068000
-0.045000 -0.036546 -0.060050
-0.054607 -0.035261 -0.060050
-0.013563 -0.031496 -0.068000
-0.026463 -0.031496 -0.060050
-0.035394 -0.035261 -0.060050
-0.008013 -0.024735 -0.068000
-0.013563 -0.031496 -0.059061
-0.014072 -0.031496 -0.024205
-0.020062 -0.031496 -0.063676
-0.003893 -0.017033 -0.068000
-0.003895 -0.017049 -0.059061
-0.000504 -0.000000 -0.068000
-0.003893 0.017033 -0.068000
-0.000500 -0.000000 -0.059061
-0.008013 0.024735 -0.068000
-0.003895 0.017049 -0.059061
-0.013569 0.031496 -0.068000
-0.027993 0.041118 -0.068000
-0.019762 0.031496 -0.063861
-0.014012 0.031496 -0.024240
-0.013563 0.031496 -0.059061
-0.045000 0.044496 -0.078300
-0.045000 0.044496 -0.068000
-0.035393 0.035261 -0.060050
-0.026463 0.031496 -0.060050
-0.062007 0.041118 -0.068000
-0.045000 0.036546 -0.060050
-0.076436 0.031496 -0.068000
-0.081991 0.024737 -0.068000
-0.086111 0.017033 -0.068000
-0.089496 0.000000 -0.068000
-0.086111 -0.017033 -0.068000
-0.076431 -0.031496 -0.068000
-0.081991 -0.024737 -0.068000
-0.063537 0.031496 -0.060050
-0.054606 0.035261 -0.060050
-0.076436 0.031496 -0.046948
-0.070414 0.031496 -0.063971
-0.052183 0.031496 -0.023713
-0.083336 0.022597 -0.053558
-0.080215 0.027205 -0.050569
-0.087853 0.011994 -0.060055
-0.089079 -0.006107 -0.063905
-0.089081 0.006091 -0.063916
-0.083336 -0.022597 -0.053558
-0.087847 -0.012016 -0.060041
-0.080213 -0.027208 -0.050567
-0.069937 -0.031496 -0.063675
-0.076436 -0.031496 -0.046948
-0.063537 -0.031496 -0.060050
-0.024244 0.031496 -0.014006
-0.031521 0.031496 -0.058526
-0.028000 0.031496 -0.000008
-0.040474 0.033975 -0.058533
-0.049523 0.033976 -0.058533
-0.058479 0.031496 -0.058526
0.007282 0.031496 -0.027035
0.008528 0.031496 -0.051296
0.005474 0.031496 -0.051711
0.005510 0.031204 -0.052417
0.000000 0.031496 -0.028000
-0.002427 0.031496 -0.051711
0.014072 0.031496 -0.024205
0.011555 0.031496 -0.050700
0.008705 0.031203 -0.051983
0.014546 0.031496 -0.049924
0.011867 0.031203 -0.051354
0.024274 0.031496 -0.013955
0.017487 0.031496 -0.048972
0.014984 0.031203 -0.050532
0.020364 0.031496 -0.047847
0.018046 0.031203 -0.049522
0.023170 0.031496 -0.046553
0.021040 0.031203 -0.048326
0.025895 0.031496 -0.045094
0.023955 0.031203 -0.046949
0.028000 0.031496 0.000008
0.028527 0.031496 -0.043476
0.026780 0.031203 -0.045396
0.029344 0.031496 0.042929
0.031059 0.031496 -0.041706
0.029506 0.031203 -0.043674
0.031843 0.031496 0.041109
0.033482 0.031496 -0.039786
0.032121 0.031203 -0.041789
0.034228 0.031496 0.039146
0.035786 0.031496 -0.037728
0.034616 0.031203 -0.039747
0.036493 0.031496 0.037044
0.037963 0.031496 -0.035536
0.036981 0.031203 -0.037556
0.038630 0.031496 0.034810
0.040008 0.031496 -0.033217
0.039208 0.031203 -0.035225
0.040629 0.031496 0.032455
0.041910 0.031496 -0.030783
0.041288 0.031203 -0.032761
0.042484 0.031496 0.029985
0.043664 0.031496 -0.028240
0.043214 0.031203 -0.030176
0.044191 0.031496 0.027407
0.045265 0.031496 -0.025595
0.044978 0.031203 -0.027477
0.045741 0.031496 0.024734
0.046705 0.031496 -0.022862
0.046574 0.031203 -0.024676
0.047129 0.031496 0.021974
0.047980 0.031496 -0.020048
0.047995 0.031203 -0.021783
0.048351 0.031496 0.019135
0.049086 0.031496 -0.017162
0.049237 0.031203 -0.018807
0.049402 0.031496 0.016230
0.050019 0.031496 -0.014216
0.050295 0.031203 -0.015762
0.050279 0.031496 0.013268
0.050775 0.031496 -0.011221
0.051165 0.031203 -0.012657
0.050978 0.031496 0.010256
0.051352 0.031496 -0.008184
0.051843 0.031203 -0.009506
0.051498 0.031496 0.007211
0.051747 0.031496 -0.005119
0.052327 0.031203 -0.006318
0.051835 0.031496 0.004140
0.051960 0.031496 -0.002037
0.052615 0.031203 -0.003107
0.051989 0.031496 0.001053
0.052707 0.031203 0.000115
0.052601 0.031203 0.003338
0.052299 0.031203 0.006547
0.051801 0.031203 0.009733
0.051109 0.031203 0.012881
0.050226 0.031203 0.015982
0.049155 0.031203 0.019023
0.047899 0.031203 0.021993
0.046465 0.031203 0.024880
0.044857 0.031203 0.027674
0.043081 0.031203 0.030365
0.041144 0.031203 0.032942
0.039053 0.031203 0.035396
0.036816 0.031203 0.037717
0.034441 0.031203 0.039898
0.031937 0.031203 0.041929
0.026743 0.031496 0.044596
0.029314 0.031203 0.043803
0.024244 0.031496 0.014006
0.024047 0.031496 0.046105
0.026581 0.031203 0.045513
0.014012 0.031496 0.024240
0.021266 0.031496 0.047453
0.023749 0.031203 0.047053
0.018409 0.031496 0.048632
0.020828 0.031203 0.048417
0.015489 0.031496 0.049640
0.017829 0.031203 0.049600
0.012513 0.031496 0.050472
0.014763 0.031203 0.050597
0.007246 0.031496 0.027045
0.009492 0.031496 0.051126
0.011642 0.031203 0.051405
0.006439 0.031496 0.051600
0.008477 0.031203 0.052021
-0.000000 0.031496 0.028000
0.003363 0.031496 0.051891
0.005281 0.031203 0.052442
0.000274 0.031496 0.051999
0.002065 0.031203 0.052667
-0.002814 0.031496 0.051924
-0.001159 0.031203 0.052694
-0.007282 0.031496 0.027035
-0.005893 0.031496 0.051665
-0.004379 0.031203 0.052525
-0.008953 0.031496 0.051223
-0.007582 0.031203 0.052159
-0.014072 0.031496 0.024205
-0.011979 0.031496 0.050601
-0.010757 0.031203 0.051598
-0.014963 0.031496 0.049801
-0.013891 0.031203 0.050844
-0.024274 0.031496 0.013955
-0.017896 0.031496 0.048823
-0.016974 0.031203 0.049899
-0.020764 0.031496 0.047674
-0.019993 0.031203 0.048768
-0.023558 0.031496 0.046357
-0.022937 0.031203 0.047455
-0.026271 0.031496 0.044876
-0.025795 0.031203 0.045963
-0.028890 0.031496 0.043236
-0.028557 0.031203 0.044300
-0.031406 0.031496 0.041444
-0.031212 0.031203 0.042471
-0.032623 0.031496 -0.058369
-0.033813 0.031496 0.039505
-0.033751 0.031203 0.040484
-0.042482 0.031496 -0.058000
-0.036100 0.031496 0.037427
-0.036163 0.031203 0.038345
-0.038259 0.031496 0.035217
-0.038439 0.031203 0.036062
-0.040283 0.031496 0.032882
-0.040572 0.031203 0.033644
-0.042166 0.031496 0.030431
-0.042553 0.031203 0.031101
-0.043898 0.031496 0.027874
-0.044375 0.031203 0.028441
-0.047518 0.031496 -0.058000
-0.045476 0.031496 0.025219
-0.046031 0.031203 0.025675
-0.046898 0.031496 0.022460
-0.047514 0.031203 0.022813
-0.048336 0.031496 0.019168
-0.048820 0.031203 0.019865
-0.050235 0.031496 -0.020358
-0.049505 0.031496 0.015918
-0.049943 0.031203 0.016843
-0.050372 0.031496 -0.016482
-0.050388 0.031496 0.012850
-0.050880 0.031203 0.013758
-0.050694 0.031496 -0.011620
-0.051018 0.031496 0.010053
-0.051626 0.031203 0.010621
-0.050457 0.031496 -0.013852
-0.051425 0.031496 -0.007708
-0.051456 0.031496 0.007501
-0.051065 0.031496 -0.009813
-0.051734 0.031496 -0.005249
-0.051743 0.031496 0.005170
-0.052179 0.031203 0.007445
-0.051906 0.031496 -0.003117
-0.051960 0.031496 0.002042
-0.052536 0.031203 0.004241
-0.051995 0.031496 -0.000701
-0.052697 0.031203 0.001021
-0.052661 0.031203 -0.002203
-0.052428 0.031203 -0.005418
-0.051999 0.031203 -0.008613
-0.051377 0.031206 -0.011777
-0.050372 0.012000 -0.016482
-0.051660 0.030505 -0.011842
-0.051092 0.030834 -0.014094
-0.052899 0.012000 0.003259
-0.057366 0.031496 -0.058368
-0.050235 0.012000 -0.020358
-0.052183 0.012000 -0.023713
-0.046260 0.031571 -0.058000
-0.043740 0.031571 -0.058000
-0.045000 0.031597 -0.058000
-0.007246 0.031496 -0.027045
-0.012721 0.031496 -0.056368
-0.009797 0.031496 -0.053840
-0.003110 0.017375 -0.055886
-0.005079 0.031496 -0.052711
-0.000963 0.018265 -0.053562
-0.003714 0.031496 -0.052008
-0.002427 0.031417 -0.052101
-0.003712 0.030792 -0.052711
-0.002427 0.030496 -0.052711
-0.002427 0.031192 -0.052429
0.000718 0.022260 -0.052711
-0.000000 -0.031496 0.028000
-0.007246 -0.031496 0.027045
0.007282 -0.031496 0.027035
0.014072 -0.031496 0.024205
0.024274 -0.031496 0.013955
0.028000 -0.031496 -0.000008
0.024244 -0.031496 -0.014006
0.014012 -0.031496 -0.024240
0.007246 -0.031496 -0.027045
-0.000000 -0.031496 -0.028000
-0.007282 -0.031496 -0.027035
-0.024274 -0.031496 -0.013955
-0.028000 -0.031496 0.000008
-0.024244 -0.031496 0.014006
-0.014012 -0.031496 0.024240
0.008377 0.030496 -0.052334
0.005527 0.030496 -0.052711
0.005522 0.030876 -0.052636
0.011201 0.030496 -0.051803
0.013993 0.030496 -0.051119
0.016743 0.030496 -0.050286
0.019444 0.030496 -0.049304
0.022089 0.030496 -0.048178
0.024668 0.030496 -0.046909
0.027174 0.030496 -0.045503
0.031941 0.030496 -0.042294
0.029601 0.030496 -0.043963
0.034186 0.030496 -0.040501
0.036332 0.030496 -0.038588
0.038370 0.030496 -0.036562
0.040295 0.030496 -0.034428
0.042102 0.030496 -0.032193
0.043786 0.030496 -0.029863
0.045340 0.030496 -0.027446
0.048045 0.030496 -0.022376
0.046761 0.030496 -0.024948
0.049187 0.030496 -0.019739
0.050185 0.030496 -0.017044
0.051035 0.030496 -0.014298
0.051735 0.030496 -0.011511
0.052283 0.030496 -0.008690
0.052677 0.030496 -0.005843
0.052916 0.030496 -0.002979
0.052928 0.030496 0.002767
0.053000 0.030496 -0.000106
0.052700 0.030496 0.005632
0.052317 0.030496 0.008481
0.051780 0.030496 0.011304
0.051091 0.030496 0.014095
0.050252 0.030496 0.016843
0.049265 0.030496 0.019543
0.048134 0.030496 0.022185
0.045449 0.030496 0.027265
0.046860 0.030496 0.024761
0.043904 0.030496 0.029689
0.042230 0.030496 0.032025
0.040432 0.030496 0.034267
0.038515 0.030496 0.036408
0.036485 0.030496 0.038443
0.034348 0.030496 0.040364
0.032109 0.030496 0.042167
0.027356 0.030496 0.045395
0.029776 0.030496 0.043845
0.024855 0.030496 0.046811
0.022281 0.030496 0.048089
0.019641 0.030496 0.049226
0.016944 0.030496 0.050219
0.014197 0.030496 0.051063
0.011408 0.030496 0.051758
0.005738 0.030496 0.052689
0.008585 0.030496 0.052300
0.002873 0.030496 0.052922
0.000000 0.030496 0.053000
-0.003116 0.030496 0.052908
-0.006221 0.030496 0.052634
-0.009304 0.030496 0.052177
-0.012355 0.030496 0.051540
-0.015364 0.030496 0.050724
-0.018319 0.030496 0.049733
-0.021211 0.030496 0.048570
-0.024030 0.030496 0.047240
-0.026765 0.030496 0.045745
-0.029407 0.030496 0.044093
-0.031948 0.030496 0.042288
-0.034380 0.030496 0.040336
-0.036694 0.030496 0.038243
-0.038879 0.030496 0.036020
-0.040925 0.030496 0.033678
-0.042828 0.030496 0.031221
-0.046214 0.030496 0.025948
-0.044592 0.030496 0.028645
-0.047668 0.030496 0.023169
-0.048929 0.030496 0.020370
-0.049977 0.030496 0.017643
-0.051107 0.030496 0.014037
-0.051893 0.030496 0.010773
-0.052414 0.030496 0.007860
-0.052740 0.030496 0.005245
-0.052922 0.030496 0.002878
-0.052997 0.030496 -0.000597
-0.052880 0.030496 -0.003561
-0.052647 0.030496 -0.006109
-0.052180 0.030496 -0.009285
0.005527 0.012000 -0.052711
0.016788 0.012000 -0.050270
0.027252 0.012000 -0.045455
0.036365 0.012000 -0.038557
0.043803 0.012000 -0.029838
0.049192 0.012000 -0.019725
0.052279 0.012000 -0.008706
0.052931 0.012000 0.002711
0.051112 0.012000 0.014019
0.046887 0.012000 0.024708
0.040439 0.012000 0.034258
0.032091 0.012000 0.042181
0.022288 0.012000 0.048084
0.011396 0.012000 0.051759
-0.000000 0.012000 0.053000
-0.019547 0.012000 0.049263
-0.036318 0.012000 0.038599
-0.047979 0.012000 0.022515
0.004414 0.012000 -0.052711
0.001971 0.019480 -0.052711
0.009943 0.012000 -0.050021
-0.010725 0.012000 -0.051903
-0.000000 0.012000 -0.051000
0.019528 0.012000 -0.047112
0.036066 0.012000 -0.036056
0.042441 0.012000 -0.028277
0.047155 0.012000 -0.019425
0.051000 0.012000 0.000074
0.047121 0.012000 0.019507
0.036089 0.012000 0.036032
0.019603 0.012000 0.047081
0.009999 0.012000 0.050010
-0.000000 0.012000 0.051000
-0.019528 0.012000 0.047112
-0.009943 0.012000 0.050021
-0.036066 0.012000 0.036056
-0.047155 0.012000 0.019425
-0.042441 0.012000 0.028277
-0.051000 0.012000 -0.000074
-0.047121 0.012000 -0.019507
0.001608 0.012000 -0.053325
-0.000500 0.012000 -0.052998
-0.000500 0.012000 -0.054858
-0.000500 0.006276 -0.056737
-0.000500 -0.012000 -0.052998
-0.000500 -0.006258 -0.056744
-0.002177 -0.017761 -0.054571
-0.012721 -0.031496 -0.056368
-0.000500 -0.012000 -0.054858
-0.005079 -0.031496 -0.052711
-0.002427 -0.031496 -0.051711
-0.003712 -0.031496 -0.052007
-0.002427 -0.031214 -0.052407
0.005474 -0.031496 -0.051711
-0.009797 -0.031496 -0.053840
0.000718 -0.022260 -0.052711
-0.002427 -0.030886 -0.052632
-0.003714 -0.030793 -0.052711
0.001971 -0.019480 -0.052711
-0.031282 -0.031496 0.041538
-0.031521 -0.031496 -0.058526
-0.033693 -0.031496 0.039608
-0.032632 -0.031496 -0.058368
-0.040476 -0.033975 -0.058533
-0.042067 -0.031496 0.030568
-0.042482 -0.031496 -0.058000
-0.040178 -0.031496 0.033011
-0.038148 -0.031496 0.035337
-0.035984 -0.031496 0.037539
-0.046820 -0.031496 0.022624
-0.047518 -0.031496 -0.058000
-0.043740 -0.031571 -0.058000
-0.045393 -0.031496 0.025368
-0.043806 -0.031496 0.028018
-0.052183 -0.031496 -0.023713
-0.057368 -0.031496 -0.058368
-0.049524 -0.033975 -0.058533
-0.050235 -0.031496 -0.020358
-0.049465 -0.031496 0.016042
-0.048274 -0.031496 0.019322
-0.046260 -0.031571 -0.058000
-0.045000 -0.031597 -0.058000
-0.058479 -0.031496 -0.058526
-0.052183 -0.012000 -0.023713
-0.050364 -0.031496 0.012946
-0.050372 -0.031496 -0.016482
-0.050235 -0.012000 -0.020358
-0.051002 -0.031496 0.010133
-0.050455 -0.031496 -0.013904
-0.051377 -0.031206 -0.011777
-0.051122 -0.030809 -0.013985
-0.050372 -0.012000 -0.016482
-0.051660 -0.030505 -0.011842
-0.050694 -0.031496 -0.011620
-0.051065 -0.031496 -0.009813
-0.051446 -0.031496 0.007564
-0.051426 -0.031496 -0.007706
-0.051999 -0.031203 -0.008613
-0.051735 -0.031496 -0.005237
-0.052428 -0.031203 -0.005418
-0.051738 -0.031496 0.005219
-0.051907 -0.031496 -0.003098
-0.051958 -0.031496 0.002077
-0.051995 -0.031496 -0.000675
-0.052661 -0.031203 -0.002203
-0.052697 -0.031203 0.001021
-0.052536 -0.031203 0.004241
-0.052179 -0.031203 0.007445
-0.051626 -0.031203 0.010621
-0.050880 -0.031203 0.013758
-0.049944 -0.031203 0.016843
-0.048820 -0.031203 0.019865
-0.046031 -0.031203 0.025675
-0.047514 -0.031203 0.022812
-0.044375 -0.031203 0.028441
-0.042553 -0.031203 0.031101
-0.040572 -0.031203 0.033644
-0.038439 -0.031203 0.036062
-0.036163 -0.031203 0.038344
-0.033751 -0.031203 0.040484
-0.028762 -0.031496 0.043322
-0.031212 -0.031203 0.042471
-0.026140 -0.031496 0.044952
-0.028557 -0.031203 0.044300
-0.023425 -0.031496 0.046425
-0.025796 -0.031203 0.045963
-0.020629 -0.031496 0.047733
-0.022937 -0.031203 0.047454
-0.017760 -0.031496 0.048873
-0.019993 -0.031203 0.048768
-0.014828 -0.031496 0.049841
-0.016974 -0.031203 0.049899
-0.011844 -0.031496 0.050633
-0.013891 -0.031203 0.050844
-0.008818 -0.031496 0.051247
-0.010757 -0.031203 0.051598
-0.005761 -0.031496 0.051680
-0.007582 -0.031203 0.052159
-0.002683 -0.031496 0.051931
-0.004379 -0.031203 0.052525
0.000403 -0.031496 0.051998
-0.001160 -0.031203 0.052694
0.003489 -0.031496 0.051883
0.002064 -0.031203 0.052667
0.006562 -0.031496 0.051584
0.005280 -0.031203 0.052442
0.009611 -0.031496 0.051104
0.008477 -0.031203 0.052021
0.012628 -0.031496 0.050443
0.011641 -0.031203 0.051405
0.015600 -0.031496 0.049605
0.014762 -0.031203 0.050597
0.018515 -0.031496 0.048592
0.017828 -0.031203 0.049600
0.021367 -0.031496 0.047407
0.020827 -0.031203 0.048418
0.024143 -0.031496 0.046055
0.023749 -0.031203 0.047054
0.026833 -0.031496 0.044542
0.026581 -0.031203 0.045514
0.029430 -0.031496 0.042871
0.029314 -0.031203 0.043803
0.031040 -0.031496 -0.041719
0.031923 -0.031496 0.041048
0.031937 -0.031203 0.041929
0.028510 -0.031496 -0.043488
0.033463 -0.031496 -0.039802
0.034302 -0.031496 0.039081
0.034441 -0.031203 0.039898
0.035765 -0.031496 -0.037747
0.036561 -0.031496 0.036977
0.036816 -0.031203 0.037718
0.037942 -0.031496 -0.035558
0.038692 -0.031496 0.034741
0.039053 -0.031203 0.035396
0.039987 -0.031496 -0.033243
0.040685 -0.031496 0.032384
0.041144 -0.031203 0.032943
0.041889 -0.031496 -0.030811
0.042535 -0.031496 0.029912
0.043081 -0.031203 0.030365
0.043643 -0.031496 -0.028272
0.044236 -0.031496 0.027334
0.045245 -0.031496 -0.025630
0.045780 -0.031496 0.024661
0.044857 -0.031203 0.027675
0.046686 -0.031496 -0.022900
0.047163 -0.031496 0.021901
0.046465 -0.031203 0.024881
0.047962 -0.031496 -0.020090
0.048380 -0.031496 0.019063
0.047899 -0.031203 0.021993
0.049070 -0.031496 -0.017207
0.049426 -0.031496 0.016158
0.049154 -0.031203 0.019024
0.050005 -0.031496 -0.014264
0.050297 -0.031496 0.013197
0.050225 -0.031203 0.015983
0.050763 -0.031496 -0.011272
0.050992 -0.031496 0.010187
0.051109 -0.031203 0.012882
0.051343 -0.031496 -0.008239
0.051507 -0.031496 0.007143
0.051801 -0.031203 0.009733
0.051742 -0.031496 -0.005177
0.051840 -0.031496 0.004074
0.052299 -0.031203 0.006548
0.051958 -0.031496 -0.002098
0.051991 -0.031496 0.000990
0.052601 -0.031203 0.003338
0.052707 -0.031203 0.000116
0.052615 -0.031203 -0.003107
0.052327 -0.031203 -0.006318
0.051843 -0.031203 -0.009505
0.051165 -0.031203 -0.012657
0.050295 -0.031203 -0.015761
0.049238 -0.031203 -0.018807
0.047996 -0.031203 -0.021782
0.046574 -0.031203 -0.024675
0.044978 -0.031203 -0.027477
0.043214 -0.031203 -0.030175
0.041289 -0.031203 -0.032761
0.039209 -0.031203 -0.035224
0.036982 -0.031203 -0.037555
0.034616 -0.031203 -0.039746
0.032121 -0.031203 -0.041788
0.029507 -0.031203 -0.043674
0.025880 -0.031496 -0.045103
0.026781 -0.031203 -0.045396
0.023156 -0.031496 -0.046560
0.023956 -0.031203 -0.046948
0.020352 -0.031496 -0.047852
0.021040 -0.031203 -0.048325
0.017477 -0.031496 -0.048975
0.018047 -0.031203 -0.049521
0.014539 -0.031496 -0.049926
0.014985 -0.031203 -0.050532
0.011550 -0.031496 -0.050701
0.011868 -0.031203 -0.051354
0.008526 -0.031496 -0.051296
0.008706 -0.031203 -0.051983
0.005495 -0.031410 -0.052117
0.005511 -0.031203 -0.052418
0.008380 -0.030496 -0.052333
-0.002427 -0.030496 -0.052711
0.005527 -0.030496 -0.052711
0.004414 -0.012000 -0.052711
0.005527 -0.012000 -0.052711
0.016732 -0.012000 -0.050288
-0.010725 -0.012000 -0.051903
0.000000 -0.012000 -0.051000
0.001710 -0.012000 -0.053279
-0.052983 -0.030496 0.001331
-0.052899 -0.012000 0.003259
-0.051000 -0.012000 0.000074
-0.052990 -0.030496 -0.001005
-0.052832 -0.030496 -0.004212
-0.052526 -0.030496 -0.007074
-0.052122 -0.030495 -0.009610
-0.047155 -0.012000 -0.019425
-0.048783 -0.030496 0.020719
-0.047979 -0.012000 0.022514
-0.047121 -0.012000 0.019507
-0.049826 -0.030496 0.018065
-0.050675 -0.030496 0.015526
-0.051548 -0.030496 0.012321
-0.052175 -0.030496 0.009315
-0.052601 -0.030496 0.006488
-0.052862 -0.030496 0.003829
-0.036492 -0.030496 0.038436
-0.036319 -0.012000 0.038599
-0.036089 -0.012000 0.036032
-0.038888 -0.030496 0.036010
-0.041013 -0.030496 0.033570
-0.042891 -0.030496 0.031134
-0.044539 -0.030496 0.028729
-0.045978 -0.030496 0.026363
-0.047510 -0.030496 0.023490
-0.020381 -0.030496 0.048925
-0.019548 -0.012000 0.049263
-0.019603 -0.012000 0.047081
-0.023500 -0.030496 0.047505
-0.026457 -0.030496 0.045924
-0.029257 -0.030496 0.044193
-0.031868 -0.030496 0.042349
-0.034277 -0.030496 0.040424
-0.000000 -0.030496 0.053000
-0.000000 -0.012000 0.053000
-0.009999 -0.012000 0.050010
-0.002975 -0.030496 0.052916
-0.005947 -0.030496 0.052665
-0.008907 -0.030496 0.052246
-0.011854 -0.030496 0.051657
-0.014768 -0.030496 0.050901
-0.017611 -0.030496 0.049989
0.011412 -0.030496 0.051757
0.011454 -0.012000 0.051747
0.000000 -0.012000 0.051000
0.008589 -0.030496 0.052299
0.005740 -0.030496 0.052688
0.002874 -0.030496 0.052922
0.022291 -0.030496 0.048084
0.022363 -0.012000 0.048049
0.009943 -0.012000 0.050021
0.019650 -0.030496 0.049223
0.016951 -0.030496 0.050216
0.014203 -0.030496 0.051061
0.032124 -0.030496 0.042155
0.032145 -0.012000 0.042139
0.019528 -0.012000 0.047112
0.029790 -0.030496 0.043835
0.027369 -0.030496 0.045387
0.024867 -0.030496 0.046804
0.040448 -0.030496 0.034248
0.040452 -0.012000 0.034243
0.036066 -0.012000 0.036056
0.038532 -0.030496 0.036391
0.036501 -0.030496 0.038427
0.034363 -0.030496 0.040351
0.045463 -0.030496 0.027242
0.046866 -0.012000 0.024748
0.042441 -0.012000 0.028277
0.043919 -0.030496 0.029667
0.042246 -0.030496 0.032005
0.050260 -0.030496 0.016820
0.051086 -0.012000 0.014111
0.047155 -0.012000 0.019425
0.049275 -0.030496 0.019519
0.048145 -0.030496 0.022160
0.046873 -0.030496 0.024737
0.052702 -0.030496 0.005614
0.052925 -0.012000 0.002824
0.052320 -0.030496 0.008461
0.051785 -0.030496 0.011283
0.051098 -0.030496 0.014072
0.052676 -0.030496 -0.005851
0.052295 -0.012000 -0.008612
0.051000 -0.012000 -0.000074
0.052916 -0.030496 -0.002989
0.053000 -0.030496 -0.000119
0.052928 -0.030496 0.002752
0.050185 -0.030496 -0.017042
0.049208 -0.012000 -0.019684
0.052295 -0.012000 -0.008612
0.047121 -0.012000 -0.019507
0.052295 -0.012000 -0.008612
0.049208 -0.012000 -0.019684
0.051035 -0.030496 -0.014299
0.050185 -0.030496 -0.017042
0.052295 -0.012000 -0.008612
0.051734 -0.030496 -0.011514
0.051035 -0.030496 -0.014299
0.052295 -0.012000 -0.008612
0.052282 -0.030496 -0.008695
0.051734 -0.030496 -0.011514
0.052295 -0.012000 -0.008612
0.052676 -0.030496 -0.005851
0.052282 -0.030496 -0.008695
0.052295 -0.012000 -0.008612
0.047121 -0.012000 -0.019507
0.051000 -0.012000 -0.000074
0.052295 -0.012000 -0.008612
0.045345 -0.030496 -0.027438
0.043791 -0.012000 -0.029854
0.049208 -0.012000 -0.019684
0.047121 -0.012000 -0.019507
0.049208 -0.012000 -0.019684
0.043791 -0.012000 -0.029854
0.046765 -0.030496 -0.024941
0.045345 -0.030496 -0.027438
0.049208 -0.012000 -0.019684
0.048047 -0.030496 -0.022371
0.046765 -0.030496 -0.024941
0.049208 -0.012000 -0.019684
0.049188 -0.030496 -0.019735
0.048047 -0.030496 -0.022371
0.049208 -0.012000 -0.019684
0.050185 -0.030496 -0.017042
0.049188 -0.030496 -0.019735
0.049208 -0.012000 -0.019684
0.036343 -0.030496 -0.038577
0.036315 -0.012000 -0.038604
0.043791 -0.012000 -0.029854
0.036089 -0.012000 -0.036032
0.043791 -0.012000 -0.029854
0.036315 -0.012000 -0.038604
0.038380 -0.030496 -0.036551
0.036343 -0.030496 -0.038577
0.043791 -0.012000 -0.029854
0.040304 -0.030496 -0.034417
0.038380 -0.030496 -0.036551
0.043791 -0.012000 -0.029854
0.042110 -0.030496 -0.032183
0.040304 -0.030496 -0.034417
0.043791 -0.012000 -0.029854
0.043792 -0.030496 -0.029854
0.042110 -0.030496 -0.032183
0.043791 -0.012000 -0.029854
0.045345 -0.030496 -0.027438
0.043792 -0.030496 -0.029854
0.043791 -0.012000 -0.029854
0.036089 -0.012000 -0.036032
0.047121 -0.012000 -0.019507
0.043791 -0.012000 -0.029854
0.027188 -0.030496 -0.045495
0.027181 -0.012000 -0.045497
0.036315 -0.012000 -0.038604
0.036089 -0.012000 -0.036032
0.036315 -0.012000 -0.038604
0.027181 -0.012000 -0.045497
0.029614 -0.030496 -0.043955
0.027188 -0.030496 -0.045495
0.036315 -0.012000 -0.038604
0.031953 -0.030496 -0.042285
0.029614 -0.030496 -0.043955
0.036315 -0.012000 -0.038604
0.034198 -0.030496 -0.040490
0.031953 -0.030496 -0.042285
0.036315 -0.012000 -0.038604
0.036343 -0.030496 -0.038577
0.034198 -0.030496 -0.040490
0.036315 -0.012000 -0.038604
0.016753 -0.030496 -0.050283
0.016732 -0.012000 -0.050288
0.027181 -0.012000 -0.045497
0.019603 -0.012000 -0.047081
0.027181 -0.012000 -0.045497
0.016732 -0.012000 -0.050288
0.019456 -0.030496 -0.049300
0.016753 -0.030496 -0.050283
0.027181 -0.012000 -0.045497
0.022101 -0.030496 -0.048172
0.019456 -0.030496 -0.049300
0.027181 -0.012000 -0.045497
0.024681 -0.030496 -0.046903
0.022101 -0.030496 -0.048172
0.027181 -0.012000 -0.045497
0.027188 -0.030496 -0.045495
0.024681 -0.030496 -0.046903
0.027181 -0.012000 -0.045497
0.019603 -0.012000 -0.047081
0.036089 -0.012000 -0.036032
0.027181 -0.012000 -0.045497
0.011207 -0.030496 -0.051802
0.008380 -0.030496 -0.052333
0.016732 -0.012000 -0.050288
0.014001 -0.030496 -0.051117
0.011207 -0.030496 -0.051802
0.016732 -0.012000 -0.050288
0.016753 -0.030496 -0.050283
0.014001 -0.030496 -0.051117
0.016732 -0.012000 -0.050288
0.009999 -0.012000 -0.050010
0.019603 -0.012000 -0.047081
0.016732 -0.012000 -0.050288
0.000000 -0.012000 -0.051000
0.009999 -0.012000 -0.050010
0.016732 -0.012000 -0.050288
0.008706 -0.031203 -0.051983
0.008380 -0.030496 -0.052333
0.011207 -0.030496 -0.051802
0.011868 -0.031203 -0.051354
0.011207 -0.030496 -0.051802
0.014001 -0.030496 -0.051117
0.008706 -0.031203 -0.051983
0.011207 -0.030496 -0.051802
0.011868 -0.031203 -0.051354
0.014985 -0.031203 -0.050532
0.014001 -0.030496 -0.051117
0.016753 -0.030496 -0.050283
0.011868 -0.031203 -0.051354
0.014001 -0.030496 -0.051117
0.014985 -0.031203 -0.050532
0.018047 -0.031203 -0.049521
0.016753 -0.030496 -0.050283
0.019456 -0.030496 -0.049300
0.014985 -0.031203 -0.050532
0.016753 -0.030496 -0.050283
0.018047 -0.031203 -0.049521
0.021040 -0.031203 -0.048325
0.019456 -0.030496 -0.049300
0.022101 -0.030496 -0.048172
0.018047 -0.031203 -0.049521
0.019456 -0.030496 -0.049300
0.021040 -0.031203 -0.048325
0.023956 -0.031203 -0.046948
0.022101 -0.030496 -0.048172
0.024681 -0.030496 -0.046903
0.021040 -0.031203 -0.048325
0.022101 -0.030496 -0.048172
0.023956 -0.031203 -0.046948
0.026781 -0.031203 -0.045396
0.024681 -0.030496 -0.046903
0.027188 -0.030496 -0.045495
0.023956 -0.031203 -0.046948
0.024681 -0.030496 -0.046903
0.026781 -0.031203 -0.045396
0.026781 -0.031203 -0.045396
0.027188 -0.030496 -0.045495
0.029614 -0.030496 -0.043955
0.029507 -0.031203 -0.043674
0.029614 -0.030496 -0.043955
0.031953 -0.030496 -0.042285
0.026781 -0.031203 -0.045396
0.029614 -0.030496 -0.043955
0.029507 -0.031203 -0.043674
0.032121 -0.031203 -0.041788
0.031953 -0.030496 -0.042285
0.034198 -0.030496 -0.040490
0.029507 -0.031203 -0.043674
0.031953 -0.030496 -0.042285
0.032121 -0.031203 -0.041788
0.034616 -0.031203 -0.039746
0.034198 -0.030496 -0.040490
0.036343 -0.030496 -0.038577
0.032121 -0.031203 -0.041788
0.034198 -0.030496 -0.040490
0.034616 -0.031203 -0.039746
0.036982 -0.031203 -0.037555
0.036343 -0.030496 -0.038577
0.038380 -0.030496 -0.036551
0.034616 -0.031203 -0.039746
0.036343 -0.030496 -0.038577
0.036982 -0.031203 -0.037555
0.039209 -0.031203 -0.035224
0.038380 -0.030496 -0.036551
0.040304 -0.030496 -0.034417
0.036982 -0.031203 -0.037555
0.038380 -0.030496 -0.036551
0.039209 -0.031203 -0.035224
0.041289 -0.031203 -0.032761
0.040304 -0.030496 -0.034417
0.042110 -0.030496 -0.032183
0.039209 -0.031203 -0.035224
0.040304 -0.030496 -0.034417
0.041289 -0.031203 -0.032761
0.043214 -0.031203 -0.030175
0.042110 -0.030496 -0.032183
0.043792 -0.030496 -0.029854
0.041289 -0.031203 -0.032761
0.042110 -0.030496 -0.032183
0.043214 -0.031203 -0.030175
0.044978 -0.031203 -0.027477
0.043792 -0.030496 -0.029854
0.045345 -0.030496 -0.027438
0.043214 -0.031203 -0.030175
0.043792 -0.030496 -0.029854
0.044978 -0.031203 -0.027477
0.044978 -0.031203 -0.027477
0.045345 -0.030496 -0.027438
0.046765 -0.030496 -0.024941
0.046574 -0.031203 -0.024675
0.046765 -0.030496 -0.024941
0.048047 -0.030496 -0.022371
0.044978 -0.031203 -0.027477
0.046765 -0.030496 -0.024941
0.046574 -0.031203 -0.024675
0.047996 -0.031203 -0.021782
0.048047 -0.030496 -0.022371
0.049188 -0.030496 -0.019735
0.046574 -0.031203 -0.024675
0.048047 -0.030496 -0.022371
0.047996 -0.031203 -0.021782
0.049238 -0.031203 -0.018807
0.049188 -0.030496 -0.019735
0.050185 -0.030496 -0.017042
0.047996 -0.031203 -0.021782
0.049188 -0.030496 -0.019735
0.049238 -0.031203 -0.018807
0.050295 -0.031203 -0.015761
0.050185 -0.030496 -0.017042
0.051035 -0.030496 -0.014299
0.049238 -0.031203 -0.018807
0.050185 -0.030496 -0.017042
0.050295 -0.031203 -0.015761
0.051165 -0.031203 -0.012657
0.051035 -0.030496 -0.014299
0.051734 -0.030496 -0.011514
0.050295 -0.031203 -0.015761
0.051035 -0.030496 -0.014299
0.051165 -0.031203 -0.012657
0.051843 -0.031203 -0.009505
0.051734 -0.030496 -0.011514
0.052282 -0.030496 -0.008695
0.051165 -0.031203 -0.012657
0.051734 -0.030496 -0.011514
0.051843 -0.031203 -0.009505
0.052327 -0.031203 -0.006318
0.052282 -0.030496 -0.008695
0.052676 -0.030496 -0.005851
0.051843 -0.031203 -0.009505
0.052282 -0.030496 -0.008695
0.052327 -0.031203 -0.006318
0.052615 -0.031203 -0.003107
0.052676 -0.030496 -0.005851
0.052916 -0.030496 -0.002989
0.052327 -0.031203 -0.006318
0.052676 -0.030496 -0.005851
0.052615 -0.031203 -0.003107
0.052615 -0.031203 -0.003107
0.052916 -0.030496 -0.002989
0.053000 -0.030496 -0.000119
0.052707 -0.031203 0.000116
0.053000 -0.030496 -0.000119
0.052928 -0.030496 0.002752
0.052615 -0.031203 -0.003107
0.053000 -0.030496 -0.000119
0.052707 -0.031203 0.000116
0.052601 -0.031203 0.003338
0.052928 -0.030496 0.002752
0.052702 -0.030496 0.005614
0.052707 -0.031203 0.000116
0.052928 -0.030496 0.002752
0.052601 -0.031203 0.003338
0.052299 -0.031203 0.006548
0.052702 -0.030496 0.005614
0.052320 -0.030496 0.008461
0.052601 -0.031203 0.003338
0.052702 -0.030496 0.005614
0.052299 -0.031203 0.006548
0.051801 -0.031203 0.009733
0.052320 -0.030496 0.008461
0.051785 -0.030496 0.011283
0.052299 -0.031203 0.006548
0.052320 -0.030496 0.008461
0.051801 -0.031203 0.009733
0.051109 -0.031203 0.012882
0.051785 -0.030496 0.011283
0.051098 -0.030496 0.014072
0.051801 -0.031203 0.009733
0.051785 -0.030496 0.011283
0.051109 -0.031203 0.012882
0.050225 -0.031203 0.015983
0.051098 -0.030496 0.014072
0.050260 -0.030496 0.016820
0.051109 -0.031203 0.012882
0.051098 -0.030496 0.014072
0.050225 -0.031203 0.015983
0.049154 -0.031203 0.019024
0.050260 -0.030496 0.016820
0.049275 -0.030496 0.019519
0.050225 -0.031203 0.015983
0.050260 -0.030496 0.016820
0.049154 -0.031203 0.019024
0.047899 -0.031203 0.021993
0.049275 -0.030496 0.019519
0.048145 -0.030496 0.022160
0.049154 -0.031203 0.019024
0.049275 -0.030496 0.019519
0.047899 -0.031203 0.021993
0.047899 -0.031203 0.021993
0.048145 -0.030496 0.022160
0.046873 -0.030496 0.024737
0.046465 -0.031203 0.024881
0.046873 -0.030496 0.024737
0.045463 -0.030496 0.027242
0.047899 -0.031203 0.021993
0.046873 -0.030496 0.024737
0.046465 -0.031203 0.024881
0.044857 -0.031203 0.027675
0.045463 -0.030496 0.027242
0.043919 -0.030496 0.029667
0.046465 -0.031203 0.024881
0.045463 -0.030496 0.027242
0.044857 -0.031203 0.027675
0.043081 -0.031203 0.030365
0.043919 -0.030496 0.029667
0.042246 -0.030496 0.032005
0.044857 -0.031203 0.027675
0.043919 -0.030496 0.029667
0.043081 -0.031203 0.030365
0.041144 -0.031203 0.032943
0.042246 -0.030496 0.032005
0.040448 -0.030496 0.034248
0.043081 -0.031203 0.030365
0.042246 -0.030496 0.032005
0.041144 -0.031203 0.032943
0.039053 -0.031203 0.035396
0.040448 -0.030496 0.034248
0.038532 -0.030496 0.036391
0.041144 -0.031203 0.032943
0.040448 -0.030496 0.034248
0.039053 -0.031203 0.035396
0.036816 -0.031203 0.037718
0.038532 -0.030496 0.036391
0.036501 -0.030496 0.038427
0.039053 -0.031203 0.035396
0.038532 -0.030496 0.036391
0.036816 -0.031203 0.037718
0.034441 -0.031203 0.039898
0.036501 -0.030496 0.038427
0.034363 -0.030496 0.040351
0.036816 -0.031203 0.037718
0.036501 -0.030496 0.038427
0.034441 -0.031203 0.039898
0.034441 -0.031203 0.039898
0.034363 -0.030496 0.040351
0.032124 -0.030496 0.042155
0.031937 -0.031203 0.041929
0.032124 -0.030496 0.042155
0.029790 -0.030496 0.043835
0.034441 -0.031203 0.039898
0.032124 -0.030496 0.042155
0.031937 -0.031203 0.041929
0.029314 -0.031203 0.043803
0.029790 -0.030496 0.043835
0.027369 -0.030496 0.045387
0.031937 -0.031203 0.041929
0.029790 -0.030496 0.043835
0.029314 -0.031203 0.043803
0.026581 -0.031203 0.045514
0.027369 -0.030496 0.045387
0.024867 -0.030496 0.046804
0.029314 -0.031203 0.043803
0.027369 -0.030496 0.045387
0.026581 -0.031203 0.045514
0.023749 -0.031203 0.047054
0.024867 -0.030496 0.046804
0.022291 -0.030496 0.048084
0.026581 -0.031203 0.045514
0.024867 -0.030496 0.046804
0.023749 -0.031203 0.047054
0.020827 -0.031203 0.048418
0.022291 -0.030496 0.048084
0.019650 -0.030496 0.049223
0.023749 -0.031203 0.047054
0.022291 -0.030496 0.048084
0.020827 -0.031203 0.048418
0.017828 -0.031203 0.049600
0.019650 -0.030496 0.049223
0.016951 -0.030496 0.050216
0.020827 -0.031203 0.048418
0.019650 -0.030496 0.049223
0.017828 -0.031203 0.049600
0.014762 -0.031203 0.050597
0.016951 -0.030496 0.050216
0.014203 -0.030496 0.051061
0.017828 -0.031203 0.049600
0.016951 -0.030496 0.050216
0.014762 -0.031203 0.050597
0.011641 -0.031203 0.051405
0.014203 -0.030496 0.051061
0.011412 -0.030496 0.051757
0.014762 -0.031203 0.050597
0.014203 -0.030496 0.051061
0.011641 -0.031203 0.051405
0.011641 -0.031203 0.051405
0.011412 -0.030496 0.051757
0.008589 -0.030496 0.052299
0.008477 -0.031203 0.052021
0.008589 -0.030496 0.052299
0.005740 -0.030496 0.052688
0.011641 -0.031203 0.051405
0.008589 -0.030496 0.052299
0.008477 -0.031203 0.052021
0.005280 -0.031203 0.052442
0.005740 -0.030496 0.052688
0.002874 -0.030496 0.052922
0.008477 -0.031203 0.052021
0.005740 -0.030496 0.052688
0.005280 -0.031203 0.052442
0.002064 -0.031203 0.052667
0.002874 -0.030496 0.052922
-0.000000 -0.030496 0.053000
0.005280 -0.031203 0.052442
0.002874 -0.030496 0.052922
0.002064 -0.031203 0.052667
-0.001160 -0.031203 0.052694
-0.000000 -0.030496 0.053000
-0.002975 -0.030496 0.052916
0.002064 -0.031203 0.052667
-0.000000 -0.030496 0.053000
-0.001160 -0.031203 0.052694
-0.004379 -0.031203 0.052525
-0.002975 -0.030496 0.052916
-0.005947 -0.030496 0.052665
-0.001160 -0.031203 0.052694
-0.002975 -0.030496 0.052916
-0.004379 -0.031203 0.052525
-0.007582 -0.031203 0.052159
-0.005947 -0.030496 0.052665
-0.008907 -0.030496 0.052246
-0.004379 -0.031203 0.052525
-0.005947 -0.030496 0.052665
-0.007582 -0.031203 0.052159
-0.010757 -0.031203 0.051598
-0.008907 -0.030496 0.052246
-0.011854 -0.030496 0.051657
-0.007582 -0.031203 0.052159
-0.008907 -0.030496 0.052246
-0.010757 -0.031203 0.051598
-0.013891 -0.031203 0.050844
-0.011854 -0.030496 0.051657
-0.014768 -0.030496 0.050901
-0.010757 -0.031203 0.051598
-0.011854 -0.030496 0.051657
-0.013891 -0.031203 0.050844
-0.016974 -0.031203 0.049899
-0.014768 -0.030496 0.050901
-0.017611 -0.030496 0.049989
-0.013891 -0.031203 0.050844
-0.014768 -0.030496 0.050901
-0.016974 -0.031203 0.049899
-0.019993 -0.031203 0.048768
-0.017611 -0.030496 0.049989
-0.020381 -0.030496 0.048925
-0.016974 -0.031203 0.049899
-0.017611 -0.030496 0.049989
-0.019993 -0.031203 0.048768
-0.022937 -0.031203 0.047454
-0.020381 -0.030496 0.048925
-0.023500 -0.030496 0.047505
-0.019993 -0.031203 0.048768
-0.020381 -0.030496 0.048925
-0.022937 -0.031203 0.047454
-0.025796 -0.031203 0.045963
-0.023500 -0.030496 0.047505
-0.026457 -0.030496 0.045924
-0.022937 -0.031203 0.047454
-0.023500 -0.030496 0.047505
-0.025796 -0.031203 0.045963
-0.028557 -0.031203 0.044300
-0.026457 -0.030496 0.045924
-0.029257 -0.030496 0.044193
-0.025796 -0.031203 0.045963
-0.026457 -0.030496 0.045924
-0.028557 -0.031203 0.044300
-0.031212 -0.031203 0.042471
-0.029257 -0.030496 0.044193
-0.031868 -0.030496 0.042349
-0.028557 -0.031203 0.044300
-0.029257 -0.030496 0.044193
-0.031212 -0.031203 0.042471
-0.033751 -0.031203 0.040484
-0.031868 -0.030496 0.042349
-0.034277 -0.030496 0.040424
-0.031212 -0.031203 0.042471
-0.031868 -0.030496 0.042349
-0.033751 -0.031203 0.040484
-0.036163 -0.031203 0.038344
-0.034277 -0.030496 0.040424
-0.036492 -0.030496 0.038436
-0.033751 -0.031203 0.040484
-0.034277 -0.030496 0.040424
-0.036163 -0.031203 0.038344
-0.038439 -0.031203 0.036062
-0.036492 -0.030496 0.038436
-0.038888 -0.030496 0.036010
-0.036163 -0.031203 0.038344
-0.036492 -0.030496 0.038436
-0.038439 -0.031203 0.036062
-0.040572 -0.031203 0.033644
-0.038888 -0.030496 0.036010
-0.041013 -0.030496 0.033570
-0.038439 -0.031203 0.036062
-0.038888 -0.030496 0.036010
-0.040572 -0.031203 0.033644
-0.042553 -0.031203 0.031101
-0.041013 -0.030496 0.033570
-0.042891 -0.030496 0.031134
-0.040572 -0.031203 0.033644
-0.041013 -0.030496 0.033570
-0.042553 -0.031203 0.031101
-0.042553 -0.031203 0.031101
-0.042891 -0.030496 0.031134
-0.044539 -0.030496 0.028729
-0.044375 -0.031203 0.028441
-0.044539 -0.030496 0.028729
-0.045978 -0.030496 0.026363
-0.042553 -0.031203 0.031101
-0.044539 -0.030496 0.028729
-0.044375 -0.031203 0.028441
-0.046031 -0.031203 0.025675
-0.045978 -0.030496 0.026363
-0.047510 -0.030496 0.023490
-0.044375 -0.031203 0.028441
-0.045978 -0.030496 0.026363
-0.046031 -0.031203 0.025675
-0.047514 -0.031203 0.022812
-0.047510 -0.030496 0.023490
-0.048783 -0.030496 0.020719
-0.046031 -0.031203 0.025675
-0.047510 -0.030496 0.023490
-0.047514 -0.031203 0.022812
-0.048820 -0.031203 0.019865
-0.048783 -0.030496 0.020719
-0.049826 -0.030496 0.018065
-0.047514 -0.031203 0.022812
-0.048783 -0.030496 0.020719
-0.048820 -0.031203 0.019865
-0.049944 -0.031203 0.016843
-0.049826 -0.030496 0.018065
-0.050675 -0.030496 0.015526
-0.048820 -0.031203 0.019865
-0.049826 -0.030496 0.018065
-0.049944 -0.031203 0.016843
-0.050880 -0.031203 0.013758
-0.050675 -0.030496 0.015526
-0.051548 -0.030496 0.012321
-0.049944 -0.031203 0.016843
-0.050675 -0.030496 0.015526
-0.050880 -0.031203 0.013758
-0.051626 -0.031203 0.010621
-0.051548 -0.030496 0.012321
-0.052175 -0.030496 0.009315
-0.050880 -0.031203 0.013758
-0.051548 -0.030496 0.012321
-0.051626 -0.031203 0.010621
-0.052179 -0.031203 0.007445
-0.052175 -0.030496 0.009315
-0.052601 -0.030496 0.006488
-0.051626 -0.031203 0.010621
-0.052175 -0.030496 0.009315
-0.052179 -0.031203 0.007445
-0.052536 -0.031203 0.004241
-0.052601 -0.030496 0.006488
-0.052862 -0.030496 0.003829
-0.052179 -0.031203 0.007445
-0.052601 -0.030496 0.006488
-0.052536 -0.031203 0.004241
-0.052536 -0.031203 0.004241
-0.052862 -0.030496 0.003829
-0.052983 -0.030496 0.001331
-0.052697 -0.031203 0.001021
-0.052983 -0.030496 0.001331
-0.052990 -0.030496 -0.001005
-0.052536 -0.031203 0.004241
-0.052983 -0.030496 0.001331
-0.052697 -0.031203 0.001021
-0.052661 -0.031203 -0.002203
-0.052990 -0.030496 -0.001005
-0.052832 -0.030496 -0.004212
-0.052697 -0.031203 0.001021
-0.052990 -0.030496 -0.001005
-0.052661 -0.031203 -0.002203
-0.052428 -0.031203 -0.005418
-0.052832 -0.030496 -0.004212
-0.052526 -0.030496 -0.007074
-0.052661 -0.031203 -0.002203
-0.052832 -0.030496 -0.004212
-0.052428 -0.031203 -0.005418
-0.051999 -0.031203 -0.008613
-0.052526 -0.030496 -0.007074
-0.052122 -0.030495 -0.009610
-0.052428 -0.031203 -0.005418
-0.052526 -0.030496 -0.007074
-0.051999 -0.031203 -0.008613
-0.051999 -0.031203 -0.008613
-0.052122 -0.030495 -0.009610
-0.051660 -0.030505 -0.011842
-0.051999 -0.031203 -0.008613
-0.051660 -0.030505 -0.011842
-0.051377 -0.031206 -0.011777
-0.048862 -0.012000 -0.020532
-0.052183 -0.012000 -0.023713
-0.050235 -0.012000 -0.020358
-0.048862 -0.012000 -0.020532
-0.048862 0.012000 -0.020532
-0.052183 -0.012000 -0.023713
-0.083336 -0.022597 -0.053558
-0.052183 -0.012000 -0.023713
-0.048862 0.012000 -0.020532
-0.083336 -0.022597 -0.053558
-0.080213 -0.027208 -0.050567
-0.052183 -0.012000 -0.023713
-0.047155 -0.012000 -0.019425
-0.048862 -0.012000 -0.020532
-0.050235 -0.012000 -0.020358
-0.083336 -0.022597 -0.053558
-0.052183 0.012000 -0.023713
-0.083336 0.022597 -0.053558
-0.087853 0.011994 -0.060055
-0.083336 -0.022597 -0.053558
-0.083336 0.022597 -0.053558
-0.083336 -0.022597 -0.053558
-0.048862 0.012000 -0.020532
-0.052183 0.012000 -0.023713
-0.050235 0.012000 -0.020358
-0.052183 0.012000 -0.023713
-0.048862 0.012000 -0.020532
-0.043977 -0.012000 -0.029581
-0.048862 0.012000 -0.020532
-0.048862 -0.012000 -0.020532
-0.047121 0.012000 -0.019507
-0.050235 0.012000 -0.020358
-0.048862 0.012000 -0.020532
-0.047121 0.012000 -0.019507
-0.048862 0.012000 -0.020532
-0.043977 0.012000 -0.029581
-0.043977 -0.012000 -0.029581
-0.043977 0.012000 -0.029581
-0.048862 0.012000 -0.020532
-0.042441 -0.012000 -0.028277
-0.043977 -0.012000 -0.029581
-0.048862 -0.012000 -0.020532
-0.047155 -0.012000 -0.019425
-0.042441 -0.012000 -0.028277
-0.048862 -0.012000 -0.020532
-0.087853 0.011994 -0.060055
-0.087847 -0.012016 -0.060041
-0.083336 -0.022597 -0.053558
-0.087853 0.011994 -0.060055
-0.089079 -0.006107 -0.063905
-0.087847 -0.012016 -0.060041
-0.087853 0.011994 -0.060055
-0.089081 0.006091 -0.063916
-0.089079 -0.006107 -0.063905
-0.000500 -0.012000 -0.052998
-0.000500 0.012000 -0.052998
-0.010725 0.012000 -0.051903
-0.009999 0.012000 -0.050010
-0.020522 0.012000 -0.048865
-0.010725 0.012000 -0.051903
-0.010725 -0.012000 -0.051903
-0.010725 0.012000 -0.051903
-0.020522 0.012000 -0.048865
-0.000000 0.012000 -0.051000
-0.009999 0.012000 -0.050010
-0.010725 0.012000 -0.051903
-0.010725 -0.012000 -0.051903
-0.000500 -0.012000 -0.052998
-0.010725 0.012000 -0.051903
-0.019603 0.012000 -0.047081
-0.037455 0.012000 -0.037498
-0.020522 0.012000 -0.048865
-0.020522 -0.012000 -0.048865
-0.020522 0.012000 -0.048865
-0.037455 0.012000 -0.037498
-0.009999 0.012000 -0.050010
-0.019603 0.012000 -0.047081
-0.020522 0.012000 -0.048865
-0.010725 -0.012000 -0.051903
-0.020522 0.012000 -0.048865
-0.020522 -0.012000 -0.048865
-0.036089 0.012000 -0.036032
-0.043977 0.012000 -0.029581
-0.037455 0.012000 -0.037498
-0.037455 -0.012000 -0.037498
-0.037455 0.012000 -0.037498
-0.043977 0.012000 -0.029581
-0.019603 0.012000 -0.047081
-0.036089 0.012000 -0.036032
-0.037455 0.012000 -0.037498
-0.020522 -0.012000 -0.048865
-0.037455 0.012000 -0.037498
-0.037455 -0.012000 -0.037498
-0.036089 0.012000 -0.036032
-0.047121 0.012000 -0.019507
-0.043977 0.012000 -0.029581
-0.037455 -0.012000 -0.037498
-0.043977 0.012000 -0.029581
-0.043977 -0.012000 -0.029581
0.000000 0.029496 0.051000
-0.000000 0.012000 0.051000
-0.009943 0.012000 0.050021
0.009943 0.029496 0.050021
0.009999 0.012000 0.050010
-0.000000 0.012000 0.051000
0.009943 0.029496 0.050021
-0.000000 0.012000 0.051000
0.000000 0.029496 0.051000
-0.009999 0.029496 0.050010
-0.009943 0.012000 0.050021
-0.019528 0.012000 0.047112
-0.009999 0.029496 0.050010
0.000000 0.029496 0.051000
-0.009943 0.012000 0.050021
-0.019603 0.029496 0.047081
-0.019528 0.012000 0.047112
-0.036066 0.012000 0.036056
-0.009999 0.029496 0.050010
-0.019528 0.012000 0.047112
-0.019603 0.029496 0.047081
-0.036089 0.029496 0.036032
-0.036066 0.012000 0.036056
-0.042441 0.012000 0.028277
-0.019603 0.029496 0.047081
-0.036066 0.012000 0.036056
-0.036089 0.029496 0.036032
-0.047121 0.029496 0.019507
-0.042441 0.012000 0.028277
-0.047155 0.012000 0.019425
-0.036089 0.029496 0.036032
-0.042441 0.012000 0.028277
-0.047121 0.029496 0.019507
-0.051000 0.029496 0.000074
-0.047155 0.012000 0.019425
-0.051000 0.012000 -0.000074
-0.047121 0.029496 0.019507
-0.047155 0.012000 0.019425
-0.051000 0.029496 0.000074
-0.047155 0.029496 -0.019425
-0.051000 0.012000 -0.000074
-0.047121 0.012000 -0.019507
-0.051000 0.029496 0.000074
-0.051000 0.012000 -0.000074
-0.047155 0.029496 -0.019425
-0.042441 0.029496 -0.028277
-0.047121 0.012000 -0.019507
-0.036089 0.012000 -0.036032
-0.047155 0.029496 -0.019425
-0.047121 0.012000 -0.019507
-0.042441 0.029496 -0.028277
-0.036066 0.029496 -0.036056
-0.036089 0.012000 -0.036032
-0.019603 0.012000 -0.047081
-0.042441 0.029496 -0.028277
-0.036089 0.012000 -0.036032
-0.036066 0.029496 -0.036056
-0.019528 0.029496 -0.047112
-0.019603 0.012000 -0.047081
-0.009999 0.012000 -0.050010
-0.036066 0.029496 -0.036056
-0.019603 0.012000 -0.047081
-0.019528 0.029496 -0.047112
-0.009943 0.029496 -0.050021
-0.009999 0.012000 -0.050010
-0.000000 0.012000 -0.051000
-0.019528 0.029496 -0.047112
-0.009999 0.012000 -0.050010
-0.009943 0.029496 -0.050021
-0.000000 0.029496 -0.051000
-0.000000 0.012000 -0.051000
0.009943 0.012000 -0.050021
-0.009943 0.029496 -0.050021
-0.000000 0.012000 -0.051000
-0.000000 0.029496 -0.051000
0.009999 0.029496 -0.050010
0.009943 0.012000 -0.050021
0.019528 0.012000 -0.047112
-0.000000 0.029496 -0.051000
0.009943 0.012000 -0.050021
0.009999 0.029496 -0.050010
0.019603 0.029496 -0.047081
0.019528 0.012000 -0.047112
0.036066 0.012000 -0.036056
0.009999 0.029496 -0.050010
0.019528 0.012000 -0.047112
0.019603 0.029496 -0.047081
0.036089 0.029496 -0.036032
0.036066 0.012000 -0.036056
0.042441 0.012000 -0.028277
0.019603 0.029496 -0.047081
0.036066 0.012000 -0.036056
0.036089 0.029496 -0.036032
0.047121 0.029496 -0.019507
0.042441 0.012000 -0.028277
0.047155 0.012000 -0.019425
0.036089 0.029496 -0.036032
0.042441 0.012000 -0.028277
0.047121 0.029496 -0.019507
0.051000 0.029496 -0.000074
0.047155 0.012000 -0.019425
0.051000 0.012000 0.000074
0.047121 0.029496 -0.019507
0.047155 0.012000 -0.019425
0.051000 0.029496 -0.000074
0.047155 0.029496 0.019425
0.051000 0.012000 0.000074
0.047121 0.012000 0.019507
0.051000 0.029496 -0.000074
0.051000 0.012000 0.000074
0.047155 0.029496 0.019425
0.042441 0.029496 0.028277
0.047121 0.012000 0.019507
0.036089 0.012000 0.036032
0.047155 0.029496 0.019425
0.047121 0.012000 0.019507
0.042441 0.029496 0.028277
0.036066 0.029496 0.036056
0.036089 0.012000 0.036032
0.019603 0.012000 0.047081
0.042441 0.029496 0.028277
0.036089 0.012000 0.036032
0.036066 0.029496 0.036056
0.019528 0.029496 0.047112
0.019603 0.012000 0.047081
0.009999 0.012000 0.050010
0.036066 0.029496 0.036056
0.019603 0.012000 0.047081
0.019528 0.029496 0.047112
0.019528 0.029496 0.047112
0.009999 0.012000 0.050010
0.009943 0.029496 0.050021
-0.000500 -0.006258 -0.056744
-0.000500 -0.012000 -0.052998
-0.000500 -0.012000 -0.054858
0.001710 -0.012000 -0.053279
-0.000500 -0.012000 -0.054858
-0.000500 -0.012000 -0.052998
-0.002177 -0.017761 -0.054571
-0.000500 -0.012000 -0.054858
0.001710 -0.012000 -0.053279
-0.036066 -0.012000 -0.036056
-0.037455 -0.012000 -0.037498
-0.043977 -0.012000 -0.029581
-0.042441 -0.012000 -0.028277
-0.036066 -0.012000 -0.036056
-0.043977 -0.012000 -0.029581
-0.019528 -0.012000 -0.047112
-0.020522 -0.012000 -0.048865
-0.037455 -0.012000 -0.037498
-0.036066 -0.012000 -0.036056
-0.019528 -0.012000 -0.047112
-0.037455 -0.012000 -0.037498
-0.009943 -0.012000 -0.050021
-0.010725 -0.012000 -0.051903
-0.020522 -0.012000 -0.048865
-0.019528 -0.012000 -0.047112
-0.009943 -0.012000 -0.050021
-0.020522 -0.012000 -0.048865
-0.009943 -0.012000 -0.050021
0.000000 -0.012000 -0.051000
-0.010725 -0.012000 -0.051903
0.000000 -0.029496 0.051000
0.000000 -0.012000 0.051000
0.009943 -0.012000 0.050021
-0.009943 -0.029496 0.050021
-0.009999 -0.012000 0.050010
0.000000 -0.012000 0.051000
-0.009943 -0.029496 0.050021
0.000000 -0.012000 0.051000
0.000000 -0.029496 0.051000
0.009999 -0.029496 0.050010
0.009943 -0.012000 0.050021
0.019528 -0.012000 0.047112
0.009999 -0.029496 0.050010
0.000000 -0.029496 0.051000
0.009943 -0.012000 0.050021
0.019603 -0.029496 0.047081
0.019528 -0.012000 0.047112
0.036066 -0.012000 0.036056
0.019603 -0.029496 0.047081
0.009999 -0.029496 0.050010
0.019528 -0.012000 0.047112
0.036089 -0.029496 0.036032
0.036066 -0.012000 0.036056
0.042441 -0.012000 0.028277
0.036089 -0.029496 0.036032
0.019603 -0.029496 0.047081
0.036066 -0.012000 0.036056
0.047121 -0.029496 0.019507
0.042441 -0.012000 0.028277
0.047155 -0.012000 0.019425
0.047121 -0.029496 0.019507
0.036089 -0.029496 0.036032
0.042441 -0.012000 0.028277
0.051000 -0.029496 0.000074
0.047155 -0.012000 0.019425
0.051000 -0.012000 -0.000074
0.051000 -0.029496 0.000074
0.047121 -0.029496 0.019507
0.047155 -0.012000 0.019425
0.047155 -0.029496 -0.019425
0.051000 -0.012000 -0.000074
0.047121 -0.012000 -0.019507
0.047155 -0.029496 -0.019425
0.051000 -0.029496 0.000074
0.051000 -0.012000 -0.000074
0.042441 -0.029496 -0.028277
0.047121 -0.012000 -0.019507
0.036089 -0.012000 -0.036032
0.042441 -0.029496 -0.028277
0.047155 -0.029496 -0.019425
0.047121 -0.012000 -0.019507
0.036066 -0.029496 -0.036056
0.036089 -0.012000 -0.036032
0.019603 -0.012000 -0.047081
0.036066 -0.029496 -0.036056
0.042441 -0.029496 -0.028277
0.036089 -0.012000 -0.036032
0.019528 -0.029496 -0.047112
0.019603 -0.012000 -0.047081
0.009999 -0.012000 -0.050010
0.019528 -0.029496 -0.047112
0.036066 -0.029496 -0.036056
0.019603 -0.012000 -0.047081
0.009943 -0.029496 -0.050021
0.009999 -0.012000 -0.050010
0.000000 -0.012000 -0.051000
0.009943 -0.029496 -0.050021
0.019528 -0.029496 -0.047112
0.009999 -0.012000 -0.050010
-0.000000 -0.029496 -0.051000
0.000000 -0.012000 -0.051000
-0.009943 -0.012000 -0.050021
0.009943 -0.029496 -0.050021
0.000000 -0.012000 -0.051000
-0.000000 -0.029496 -0.051000
-0.009999 -0.029496 -0.050010
-0.009943 -0.012000 -0.050021
-0.019528 -0.012000 -0.047112
-0.009999 -0.029496 -0.050010
-0.000000 -0.029496 -0.051000
-0.009943 -0.012000 -0.050021
-0.019603 -0.029496 -0.047081
-0.019528 -0.012000 -0.047112
-0.036066 -0.012000 -0.036056
-0.009999 -0.029496 -0.050010
-0.019528 -0.012000 -0.047112
-0.019603 -0.029496 -0.047081
-0.036089 -0.029496 -0.036032
-0.036066 -0.012000 -0.036056
-0.042441 -0.012000 -0.028277
-0.019603 -0.029496 -0.047081
-0.036066 -0.012000 -0.036056
-0.036089 -0.029496 -0.036032
-0.047121 -0.029496 -0.019507
-0.042441 -0.012000 -0.028277
-0.047155 -0.012000 -0.019425
-0.036089 -0.029496 -0.036032
-0.042441 -0.012000 -0.028277
-0.047121 -0.029496 -0.019507
-0.051000 -0.029496 -0.000074
-0.047155 -0.012000 -0.019425
-0.051000 -0.012000 0.000074
-0.047121 -0.029496 -0.019507
-0.047155 -0.012000 -0.019425
-0.051000 -0.029496 -0.000074
-0.047155 -0.029496 0.019425
-0.051000 -0.012000 0.000074
-0.047121 -0.012000 0.019507
-0.051000 -0.029496 -0.000074
-0.051000 -0.012000 0.000074
-0.047155 -0.029496 0.019425
-0.042441 -0.029496 0.028277
-0.047121 -0.012000 0.019507
-0.036089 -0.012000 0.036032
-0.047155 -0.029496 0.019425
-0.047121 -0.012000 0.019507
-0.042441 -0.029496 0.028277
-0.036066 -0.029496 0.036056
-0.036089 -0.012000 0.036032
-0.019603 -0.012000 0.047081
-0.042441 -0.029496 0.028277
-0.036089 -0.012000 0.036032
-0.036066 -0.029496 0.036056
-0.019528 -0.029496 0.047112
-0.019603 -0.012000 0.047081
-0.009999 -0.012000 0.050010
-0.036066 -0.029496 0.036056
-0.019603 -0.012000 0.047081
-0.019528 -0.029496 0.047112
-0.019528 -0.029496 0.047112
-0.009999 -0.012000 0.050010
-0.009943 -0.029496 0.050021
-0.009999 -0.029496 -0.050010
0.009943 -0.029496 -0.050021
-0.000000 -0.029496 -0.051000
-0.009943 -0.029496 0.050021
0.000000 -0.029496 0.051000
0.009999 -0.029496 0.050010
-0.019528 -0.029496 0.047112
0.009999 -0.029496 0.050010
0.019603 -0.029496 0.047081
-0.019528 -0.029496 0.047112
-0.009943 -0.029496 0.050021
0.009999 -0.029496 0.050010
-0.036066 -0.029496 0.036056
0.019603 -0.029496 0.047081
0.036089 -0.029496 0.036032
-0.036066 -0.029496 0.036056
-0.019528 -0.029496 0.047112
0.019603 -0.029496 0.047081
0.007762 -0.029496 0.028977
0.036089 -0.029496 0.036032
0.047121 -0.029496 0.019507
0.000000 -0.029496 0.030000
-0.036066 -0.029496 0.036056
0.036089 -0.029496 0.036032
0.007762 -0.029496 0.028977
0.000000 -0.029496 0.030000
0.036089 -0.029496 0.036032
0.025978 -0.029496 0.015003
0.047121 -0.029496 0.019507
0.051000 -0.029496 0.000074
0.015011 -0.029496 0.025973
0.007762 -0.029496 0.028977
0.047121 -0.029496 0.019507
0.025978 -0.029496 0.015003
0.015011 -0.029496 0.025973
0.047121 -0.029496 0.019507
0.030000 -0.029496 0.000002
0.051000 -0.029496 0.000074
0.047155 -0.029496 -0.019425
0.030000 -0.029496 0.000002
0.025978 -0.029496 0.015003
0.051000 -0.029496 0.000074
0.015073 -0.029496 -0.025937
0.047155 -0.029496 -0.019425
0.042441 -0.029496 -0.028277
0.026004 -0.029496 -0.014958
0.030000 -0.029496 0.000002
0.047155 -0.029496 -0.019425
0.015073 -0.029496 -0.025937
0.026004 -0.029496 -0.014958
0.047155 -0.029496 -0.019425
0.007801 -0.029496 -0.028967
0.042441 -0.029496 -0.028277
0.036066 -0.029496 -0.036056
0.007801 -0.029496 -0.028967
0.015073 -0.029496 -0.025937
0.042441 -0.029496 -0.028277
-0.019603 -0.029496 -0.047081
0.036066 -0.029496 -0.036056
0.019528 -0.029496 -0.047112
-0.019603 -0.029496 -0.047081
-0.036089 -0.029496 -0.036032
0.036066 -0.029496 -0.036056
-0.000000 -0.029496 -0.030000
0.036066 -0.029496 -0.036056
-0.036089 -0.029496 -0.036032
-0.000000 -0.029496 -0.030000
0.007801 -0.029496 -0.028967
0.036066 -0.029496 -0.036056
-0.009999 -0.029496 -0.050010
0.019528 -0.029496 -0.047112
0.009943 -0.029496 -0.050021
-0.009999 -0.029496 -0.050010
-0.019603 -0.029496 -0.047081
0.019528 -0.029496 -0.047112
-0.007801 -0.029496 0.028967
-0.042441 -0.029496 0.028277
-0.036066 -0.029496 0.036056
-0.007801 -0.029496 0.028967
-0.036066 -0.029496 0.036056
0.000000 -0.029496 0.030000
-0.015073 -0.029496 0.025937
-0.047155 -0.029496 0.019425
-0.042441 -0.029496 0.028277
-0.007801 -0.029496 0.028967
-0.015073 -0.029496 0.025937
-0.042441 -0.029496 0.028277
-0.030000 -0.029496 -0.000002
-0.051000 -0.029496 -0.000074
-0.047155 -0.029496 0.019425
-0.026004 -0.029496 0.014958
-0.030000 -0.029496 -0.000002
-0.047155 -0.029496 0.019425
-0.015073 -0.029496 0.025937
-0.026004 -0.029496 0.014958
-0.047155 -0.029496 0.019425
-0.025978 -0.029496 -0.015003
-0.047121 -0.029496 -0.019507
-0.051000 -0.029496 -0.000074
-0.030000 -0.029496 -0.000002
-0.025978 -0.029496 -0.015003
-0.051000 -0.029496 -0.000074
-0.007762 -0.029496 -0.028977
-0.036089 -0.029496 -0.036032
-0.047121 -0.029496 -0.019507
-0.015011 -0.029496 -0.025973
-0.007762 -0.029496 -0.028977
-0.047121 -0.029496 -0.019507
-0.025978 -0.029496 -0.015003
-0.015011 -0.029496 -0.025973
-0.047121 -0.029496 -0.019507
-0.007762 -0.029496 -0.028977
-0.000000 -0.029496 -0.030000
-0.036089 -0.029496 -0.036032
0.000000 0.029496 0.030000
0.000000 -0.029496 0.030000
0.007762 -0.029496 0.028977
-0.007762 0.029496 0.028977
-0.007801 -0.029496 0.028967
0.000000 -0.029496 0.030000
-0.007762 0.029496 0.028977
0.000000 -0.029496 0.030000
0.000000 0.029496 0.030000
0.007801 0.029496 0.028967
0.007762 -0.029496 0.028977
0.015011 -0.029496 0.025973
0.007801 0.029496 0.028967
0.000000 0.029496 0.030000
0.007762 -0.029496 0.028977
0.015073 0.029496 0.025937
0.015011 -0.029496 0.025973
0.025978 -0.029496 0.015003
0.015073 0.029496 0.025937
0.007801 0.029496 0.028967
0.015011 -0.029496 0.025973
0.026004 0.029496 0.014958
0.025978 -0.029496 0.015003
0.030000 -0.029496 0.000002
0.026004 0.029496 0.014958
0.015073 0.029496 0.025937
0.025978 -0.029496 0.015003
0.030000 0.029496 -0.000002
0.030000 -0.029496 0.000002
0.026004 -0.029496 -0.014958
0.030000 0.029496 -0.000002
0.026004 0.029496 0.014958
0.030000 -0.029496 0.000002
0.025978 0.029496 -0.015003
0.026004 -0.029496 -0.014958
0.015073 -0.029496 -0.025937
0.025978 0.029496 -0.015003
0.030000 0.029496 -0.000002
0.026004 -0.029496 -0.014958
0.015011 0.029496 -0.025973
0.015073 -0.029496 -0.025937
0.007801 -0.029496 -0.028967
0.015011 0.029496 -0.025973
0.025978 0.029496 -0.015003
0.015073 -0.029496 -0.025937
0.007762 0.029496 -0.028977
0.007801 -0.029496 -0.028967
-0.000000 -0.029496 -0.030000
0.007762 0.029496 -0.028977
0.015011 0.029496 -0.025973
0.007801 -0.029496 -0.028967
-0.000000 0.029496 -0.030000
-0.000000 -0.029496 -0.030000
-0.007762 -0.029496 -0.028977
0.007762 0.029496 -0.028977
-0.000000 -0.029496 -0.030000
-0.000000 0.029496 -0.030000
-0.007801 0.029496 -0.028967
-0.007762 -0.029496 -0.028977
-0.015011 -0.029496 -0.025973
-0.007801 0.029496 -0.028967
-0.000000 0.029496 -0.030000
-0.007762 -0.029496 -0.028977
-0.015073 0.029496 -0.025937
-0.015011 -0.029496 -0.025973
-0.025978 -0.029496 -0.015003
-0.007801 0.029496 -0.028967
-0.015011 -0.029496 -0.025973
-0.015073 0.029496 -0.025937
-0.026004 0.029496 -0.014958
-0.025978 -0.029496 -0.015003
-0.030000 -0.029496 -0.000002
-0.015073 0.029496 -0.025937
-0.025978 -0.029496 -0.015003
-0.026004 0.029496 -0.014958
-0.030000 0.029496 0.000002
-0.030000 -0.029496 -0.000002
-0.026004 -0.029496 0.014958
-0.026004 0.029496 -0.014958
-0.030000 -0.029496 -0.000002
-0.030000 0.029496 0.000002
-0.025978 0.029496 0.015003
-0.026004 -0.029496 0.014958
-0.015073 -0.029496 0.025937
-0.030000 0.029496 0.000002
-0.026004 -0.029496 0.014958
-0.025978 0.029496 0.015003
-0.015011 0.029496 0.025973
-0.015073 -0.029496 0.025937
-0.007801 -0.029496 0.028967
-0.025978 0.029496 0.015003
-0.015073 -0.029496 0.025937
-0.015011 0.029496 0.025973
-0.015011 0.029496 0.025973
-0.007801 -0.029496 0.028967
-0.007762 0.029496 0.028977
0.036089 0.029496 -0.036032
0.007762 0.029496 -0.028977
-0.000000 0.029496 -0.030000
-0.036066 0.029496 -0.036056
0.036089 0.029496 -0.036032
-0.000000 0.029496 -0.030000
-0.007801 0.029496 -0.028967
-0.036066 0.029496 -0.036056
-0.000000 0.029496 -0.030000
0.036066 0.029496 0.036056
0.000000 0.029496 0.030000
0.007801 0.029496 0.028967
-0.036089 0.029496 0.036032
0.000000 0.029496 0.030000
0.036066 0.029496 0.036056
-0.007762 0.029496 0.028977
0.000000 0.029496 0.030000
-0.036089 0.029496 0.036032
0.042441 0.029496 0.028277
0.007801 0.029496 0.028967
0.015073 0.029496 0.025937
0.042441 0.029496 0.028277
0.036066 0.029496 0.036056
0.007801 0.029496 0.028967
0.047155 0.029496 0.019425
0.015073 0.029496 0.025937
0.026004 0.029496 0.014958
0.047155 0.029496 0.019425
0.042441 0.029496 0.028277
0.015073 0.029496 0.025937
0.047155 0.029496 0.019425
0.026004 0.029496 0.014958
0.030000 0.029496 -0.000002
0.051000 0.029496 -0.000074
0.030000 0.029496 -0.000002
0.025978 0.029496 -0.015003
0.051000 0.029496 -0.000074
0.047155 0.029496 0.019425
0.030000 0.029496 -0.000002
0.047121 0.029496 -0.019507
0.025978 0.029496 -0.015003
0.015011 0.029496 -0.025973
0.047121 0.029496 -0.019507
0.051000 0.029496 -0.000074
0.025978 0.029496 -0.015003
0.047121 0.029496 -0.019507
0.015011 0.029496 -0.025973
0.007762 0.029496 -0.028977
0.036089 0.029496 -0.036032
0.047121 0.029496 -0.019507
0.007762 0.029496 -0.028977
-0.009999 0.029496 0.050010
0.009943 0.029496 0.050021
0.000000 0.029496 0.051000
-0.009999 0.029496 0.050010
0.019528 0.029496 0.047112
0.009943 0.029496 0.050021
-0.019603 0.029496 0.047081
0.036066 0.029496 0.036056
0.019528 0.029496 0.047112
-0.009999 0.029496 0.050010
-0.019603 0.029496 0.047081
0.019528 0.029496 0.047112
-0.019603 0.029496 0.047081
-0.036089 0.029496 0.036032
0.036066 0.029496 0.036056
-0.036066 0.029496 -0.036056
0.019603 0.029496 -0.047081
0.036089 0.029496 -0.036032
-0.019528 0.029496 -0.047112
0.009999 0.029496 -0.050010
0.019603 0.029496 -0.047081
-0.036066 0.029496 -0.036056
-0.019528 0.029496 -0.047112
0.019603 0.029496 -0.047081
-0.009943 0.029496 -0.050021
-0.000000 0.029496 -0.051000
0.009999 0.029496 -0.050010
-0.019528 0.029496 -0.047112
-0.009943 0.029496 -0.050021
0.009999 0.029496 -0.050010
-0.007801 0.029496 -0.028967
-0.042441 0.029496 -0.028277
-0.036066 0.029496 -0.036056
-0.015073 0.029496 -0.025937
-0.047155 0.029496 -0.019425
-0.042441 0.029496 -0.028277
-0.007801 0.029496 -0.028967
-0.015073 0.029496 -0.025937
-0.042441 0.029496 -0.028277
-0.030000 0.029496 0.000002
-0.051000 0.029496 0.000074
-0.047155 0.029496 -0.019425
-0.026004 0.029496 -0.014958
-0.030000 0.029496 0.000002
-0.047155 0.029496 -0.019425
-0.015073 0.029496 -0.025937
-0.026004 0.029496 -0.014958
-0.047155 0.029496 -0.019425
-0.025978 0.029496 0.015003
-0.047121 0.029496 0.019507
-0.051000 0.029496 0.000074
-0.030000 0.029496 0.000002
-0.025978 0.029496 0.015003
-0.051000 0.029496 0.000074
-0.007762 0.029496 0.028977
-0.036089 0.029496 0.036032
-0.047121 0.029496 0.019507
-0.015011 0.029496 0.025973
-0.007762 0.029496 0.028977
-0.047121 0.029496 0.019507
-0.025978 0.029496 0.015003
-0.015011 0.029496 0.025973
-0.047121 0.029496 0.019507
-0.049524 -0.033975 -0.058533
-0.054607 -0.035261 -0.060050
-0.045000 -0.036546 -0.060050
-0.040476 -0.033975 -0.058533
-0.045000 -0.036546 -0.060050
-0.035394 -0.035261 -0.060050
-0.040476 -0.033975 -0.058533
-0.049524 -0.033975 -0.058533
-0.045000 -0.036546 -0.060050
-0.045000 -0.031597 -0.058000
-0.046260 -0.031571 -0.058000
-0.040476 -0.033975 -0.058533
-0.043740 -0.031571 -0.058000
-0.045000 -0.031597 -0.058000
-0.040476 -0.033975 -0.058533
-0.045000 0.031597 -0.058000
-0.043740 0.031571 -0.058000
-0.049523 0.033976 -0.058533
-0.046260 0.031571 -0.058000
-0.045000 0.031597 -0.058000
-0.049523 0.033976 -0.058533
-0.025385 -0.005329 -0.063000
-0.026534 0.005303 -0.063000
-0.024947 -0.003697 -0.063000
-0.025385 -0.005329 -0.063000
-0.026916 -0.006044 -0.063000
-0.026534 0.005303 -0.063000
-0.027218 0.006488 -0.063000
-0.026534 0.005303 -0.063000
-0.026916 -0.006044 -0.063000
-0.069448 -0.005329 -0.063000
-0.069886 -0.003697 -0.063000
-0.068299 0.005303 -0.063000
-0.067916 -0.006044 -0.063000
-0.069448 -0.005329 -0.063000
-0.068299 0.005303 -0.063000
-0.067615 0.006488 -0.063000
-0.067916 -0.006044 -0.063000
-0.068299 0.005303 -0.063000
