0.043596 0.000000 0.008672
0.041066 0.000000 0.017010
0.036959 0.000000 0.024695
-0.043596 0.000000 -0.008672
-0.041066 0.000000 -0.017010
-0.036959 0.000000 -0.024695
-0.017010 0.000000 -0.041066
-0.008672 0.000000 -0.043596
-0.024695 0.000000 -0.036959
-0.031431 0.000000 -0.031431
0.017010 0.000000 0.041066
0.008672 0.000000 0.043596
0.024695 0.000000 0.036959
0.031431 0.000000 0.031431
0.000000 0.000000 0.044450
-0.008672 0.000000 0.043596
-0.017010 0.000000 0.041066
-0.000000 0.000000 -0.044450
0.008672 0.000000 -0.043596
0.017010 0.000000 -0.041066
-0.041066 0.000000 0.017010
-0.043596 0.000000 0.008672
-0.036959 0.000000 0.024695
-0.044450 0.000000 0.000000
0.024695 0.000000 -0.036959
0.031431 0.000000 -0.031431
0.036959 0.000000 -0.024695
-0.031431 0.000000 0.031431
-0.024695 0.000000 0.036959
0.044450 0.000000 -0.000000
0.043596 0.000000 -0.008672
0.041066 0.000000 -0.017010
0.043596 0.063550 0.008672
0.044450 0.000000 0.000000
0.044450 0.063550 -0.000000
0.043596 0.063550 -0.008672
0.041066 0.063550 -0.017010
0.036959 0.063550 -0.024695
0.031431 0.063550 -0.031431
0.024695 0.063550 -0.036959
0.017010 0.063550 -0.041066
0.008672 0.063550 -0.043596
-0.000000 0.000000 -0.044450
-0.000000 0.063550 -0.044450
-0.008672 0.063550 -0.043596
-0.017010 0.063550 -0.041066
-0.024695 0.063550 -0.036959
-0.031431 0.063550 -0.031431
-0.036959 0.063550 -0.024695
-0.041066 0.063550 -0.017010
-0.043596 0.063550 -0.008672
-0.044450 0.063550 0.000000
-0.043596 0.063550 0.008672
-0.041066 0.063550 0.017010
-0.036959 0.063550 0.024695
-0.031431 0.063550 0.031431
-0.024695 0.063550 0.036959
-0.017010 0.063550 0.041066
-0.008672 0.063550 0.043596
0.000000 0.000000 0.044450
0.000000 0.063550 0.044450
0.008672 0.063550 0.043596
0.017010 0.063550 0.041066
0.024695 0.063550 0.036959
0.031431 0.063550 0.031431
0.036959 0.063550 0.024695
0.041066 0.063550 0.017010
0.031466 0.063550 0.031466
0.024723 0.063550 0.037000
0.017029 0.063550 0.041113
0.008682 0.063550 0.043645
0.000000 0.063550 0.044450
0.000000 0.063550 0.044500
-0.008682 0.063550 0.043645
-0.017029 0.063550 0.041113
-0.024723 0.063550 0.037000
-0.031466 0.063550 0.031466
-0.037000 0.063550 0.024723
-0.041113 0.063550 0.017029
-0.043645 0.063550 0.008682
-0.044500 0.063550 0.000000
-0.043645 0.063550 -0.008682
-0.041113 0.063550 -0.017029
-0.037000 0.063550 -0.024723
-0.031466 0.063550 -0.031466
-0.024723 0.063550 -0.037000
-0.017029 0.063550 -0.041113
-0.008682 0.063550 -0.043645
-0.000000 0.063550 -0.044450
-0.000000 0.063550 -0.044500
0.008682 0.063550 -0.043645
0.017029 0.063550 -0.041113
0.024723 0.063550 -0.037000
0.031466 0.063550 -0.031466
0.037000 0.063550 -0.024723
0.041113 0.063550 -0.017029
0.043645 0.063550 -0.008682
0.044500 0.063550 -0.000000
0.043645 0.063550 0.008682
0.041113 0.063550 0.017029
0.037000 0.063550 0.024723
0.044500 0.063550 -0.000000
0.044086 0.064550 -0.006059
0.042850 0.064550 -0.012006
0.043545 0.064550 -0.008661
0.036928 0.064550 -0.024671
0.038022 0.064550 -0.023121
0.040816 0.064550 -0.017729
0.041070 0.064550 -0.017014
0.034519 0.064550 -0.028083
0.031409 0.064550 -0.031413
0.030374 0.064550 -0.032522
0.025662 0.064550 -0.036355
0.020473 0.064550 -0.039511
0.024690 0.064550 -0.036946
0.008678 0.064550 -0.043621
0.009054 0.064550 -0.043569
0.014902 0.064550 -0.041931
0.016991 0.064550 -0.041023
0.003037 0.064550 -0.044396
-0.000000 0.063550 -0.044500
-0.000000 0.064550 -0.044396
-0.003037 0.064550 -0.044396
-0.008678 0.064550 -0.043621
-0.009054 0.064550 -0.043569
-0.014902 0.064550 -0.041931
-0.020473 0.064550 -0.039511
-0.016991 0.064550 -0.041023
-0.031409 0.064550 -0.031413
-0.030374 0.064550 -0.032522
-0.025662 0.064550 -0.036355
-0.024690 0.064550 -0.036946
-0.034519 0.064550 -0.028083
-0.036928 0.064550 -0.024671
-0.038022 0.064550 -0.023121
-0.040816 0.064550 -0.017729
-0.042850 0.064550 -0.012006
-0.041070 0.064550 -0.017014
-0.044086 0.064550 -0.006059
-0.043545 0.064550 -0.008661
-0.044086 0.064550 0.006059
-0.044500 0.064550 0.000000
-0.042850 0.064550 0.012006
-0.043545 0.064550 0.008661
-0.036928 0.064550 0.024671
-0.038022 0.064550 0.023121
-0.040816 0.064550 0.017729
-0.041070 0.064550 0.017014
-0.034519 0.064550 0.028083
-0.031409 0.064550 0.031413
-0.030374 0.064550 0.032522
-0.025662 0.064550 0.036355
-0.020473 0.064550 0.039511
-0.024690 0.064550 0.036946
-0.008678 0.064550 0.043621
-0.009054 0.064550 0.043569
-0.014902 0.064550 0.041931
-0.016991 0.064550 0.041023
-0.003037 0.064550 0.044396
0.000000 0.063550 0.044500
0.000000 0.064550 0.044396
0.003037 0.064550 0.044396
0.008678 0.064550 0.043621
0.009054 0.064550 0.043569
0.014902 0.064550 0.041931
0.020473 0.064550 0.039511
0.016991 0.064550 0.041023
0.031409 0.064550 0.031413
0.030374 0.064550 0.032522
0.025662 0.064550 0.036355
0.024690 0.064550 0.036946
0.034519 0.064550 0.028083
0.036928 0.064550 0.024671
0.038022 0.064550 0.023121
0.040816 0.064550 0.017729
0.042850 0.064550 0.012006
0.041070 0.064550 0.017014
0.044500 0.064550 -0.000000
0.044086 0.064550 0.006059
0.043545 0.064550 0.008661
0.044036 0.064862 0.006053
0.043496 0.064862 0.008651
0.042802 0.064862 0.011992
0.041024 0.064862 0.016995
0.040770 0.064862 0.017709
0.037979 0.064862 0.023096
0.036886 0.064862 0.024644
0.034480 0.064862 0.028052
0.031374 0.064862 0.031378
0.030339 0.064862 0.032486
0.025633 0.064862 0.036314
0.024662 0.064862 0.036905
0.020450 0.064862 0.039466
0.016972 0.064862 0.040977
0.014885 0.064862 0.041883
0.009044 0.064862 0.043520
0.008668 0.064862 0.043572
0.003033 0.064862 0.044346
0.000000 0.064862 0.044346
-0.003033 0.064862 0.044346
-0.008668 0.064862 0.043572
-0.009044 0.064862 0.043520
-0.014885 0.064862 0.041883
-0.016972 0.064862 0.040977
-0.020450 0.064862 0.039466
-0.024662 0.064862 0.036905
-0.025633 0.064862 0.036314
-0.030339 0.064862 0.032486
-0.031374 0.064862 0.031378
-0.034480 0.064862 0.028052
-0.036886 0.064862 0.024644
-0.037979 0.064862 0.023096
-0.040770 0.064862 0.017709
-0.041024 0.064862 0.016995
-0.042802 0.064862 0.011992
-0.043496 0.064862 0.008651
-0.044036 0.064862 0.006053
-0.044500 0.064550 -0.000000
-0.044450 0.064862 -0.000000
-0.044036 0.064862 -0.006053
-0.043496 0.064862 -0.008651
-0.042802 0.064862 -0.011992
-0.041024 0.064862 -0.016995
-0.040770 0.064862 -0.017709
-0.037979 0.064862 -0.023096
-0.036886 0.064862 -0.024644
-0.034480 0.064862 -0.028052
-0.031374 0.064862 -0.031378
-0.030339 0.064862 -0.032486
-0.025633 0.064862 -0.036314
-0.024662 0.064862 -0.036905
-0.020450 0.064862 -0.039466
-0.016972 0.064862 -0.040977
-0.014885 0.064862 -0.041883
-0.009044 0.064862 -0.043520
-0.008668 0.064862 -0.043572
-0.003033 0.064862 -0.044346
-0.000000 0.064862 -0.044346
0.003033 0.064862 -0.044346
0.008668 0.064862 -0.043572
0.009044 0.064862 -0.043520
0.014885 0.064862 -0.041883
0.016972 0.064862 -0.040977
0.020450 0.064862 -0.039466
0.024662 0.064862 -0.036905
0.025633 0.064862 -0.036314
0.030339 0.064862 -0.032486
0.031374 0.064862 -0.031378
0.034480 0.064862 -0.028052
0.036886 0.064862 -0.024644
0.037979 0.064862 -0.023096
0.040770 0.064862 -0.017709
0.041024 0.064862 -0.016995
0.042802 0.064862 -0.011992
0.043496 0.064862 -0.008651
0.044036 0.064862 -0.006053
0.044450 0.064862 -0.000000
-0.012300 0.067200 0.042714
-0.012300 0.070100 0.042714
-0.017010 0.070100 0.041066
-0.011671 0.066127 0.042890
-0.011738 0.066156 0.042872
-0.008672 0.065950 0.043596
-0.011050 0.065950 0.043055
-0.011340 0.065984 0.042979
-0.012246 0.066837 0.042730
-0.012118 0.066582 0.042766
-0.012054 0.066456 0.042784
0.000000 0.065950 0.044450
0.012300 0.067200 0.042714
0.012218 0.066755 0.042738
0.012118 0.066583 0.042766
0.012017 0.066408 0.042795
0.011711 0.066139 0.042880
0.008672 0.065950 0.043596
0.011050 0.065950 0.043055
0.011323 0.065980 0.042984
0.011673 0.066123 0.042890
0.043596 0.070100 -0.008672
0.044450 0.070100 -0.000000
0.041066 0.070100 -0.017010
0.036959 0.070100 -0.024695
0.031431 0.070100 -0.031431
0.024695 0.070100 -0.036959
0.017010 0.070100 -0.041066
0.008672 0.070100 -0.043596
-0.000000 0.070100 -0.044450
-0.008672 0.070100 -0.043596
-0.017010 0.070100 -0.041066
-0.024695 0.070100 -0.036959
-0.031431 0.070100 -0.031431
-0.036959 0.070100 -0.024695
-0.041066 0.070100 -0.017010
-0.043596 0.070100 -0.008672
-0.044450 0.070100 0.000000
-0.044450 0.064862 0.000000
-0.043596 0.070100 0.008672
-0.041066 0.070100 0.017010
-0.036959 0.070100 0.024695
-0.031431 0.070100 0.031431
-0.024695 0.070100 0.036959
0.024695 0.070100 0.036959
0.017010 0.070100 0.041066
0.012300 0.070100 0.042714
0.031431 0.070100 0.031431
0.036959 0.070100 0.024695
0.041066 0.070100 0.017010
0.043596 0.070100 0.008672
-0.012300 0.070100 -0.011000
-0.012500 0.070100 -0.011000
-0.012500 0.070100 -0.042000
0.012300 0.070100 -0.011000
0.012500 0.070100 -0.042000
0.012500 0.070100 -0.011000
0.044450 0.070100 -0.000000
0.038789 0.102000 -0.015934
0.038849 0.101637 -0.015958
0.037931 0.101949 -0.017587
0.037481 0.101637 -0.018312
0.035529 0.101637 -0.020210
0.033138 0.101637 -0.021511
0.033121 0.101909 -0.021466
0.034480 0.101897 -0.020833
0.035697 0.101898 -0.020025
0.036505 0.101637 -0.019261
0.036508 0.101911 -0.019262
0.037052 0.101919 -0.018750
0.038789 0.102000 0.015934
0.038849 0.101637 0.015958
0.040078 0.102109 0.012273
0.040589 0.101637 0.010791
0.040270 0.102125 0.011513
0.041117 0.101637 0.008116
0.041021 0.102190 0.008540
0.041843 0.102263 -0.000000
0.041843 0.102263 -0.000000
0.041998 0.101637 -0.000000
0.041839 0.102263 0.002038
0.041645 0.101637 0.005441
0.041622 0.102243 0.004743
0.041089 0.102196 0.008111
0.041117 0.101637 -0.008116
0.041067 0.102195 -0.008107
0.041645 0.101637 -0.005441
0.041506 0.102233 -0.005681
0.041847 0.102264 -0.001845
0.040589 0.101637 -0.010791
0.040133 0.102113 -0.012088
0.040284 0.102127 -0.011513
0.040821 0.102173 -0.009463
0.033121 0.101909 0.021466
0.033138 0.101637 0.021511
0.034792 0.101896 0.020650
0.035529 0.101637 0.020210
0.037481 0.101637 0.018312
0.038112 0.101957 0.017296
0.037281 0.101926 0.018481
0.036505 0.101637 0.019261
0.036506 0.101911 0.019263
0.035971 0.101901 0.019804
0.025000 0.102097 0.022917
0.025000 0.101637 0.022998
0.027836 0.102015 0.022756
0.029136 0.101637 0.022623
0.029118 0.101986 0.022521
0.030605 0.101953 0.022248
-0.033121 0.101909 -0.021466
-0.033138 0.101637 -0.021511
-0.034792 0.101896 -0.020650
-0.035529 0.101637 -0.020210
-0.037481 0.101637 -0.018312
-0.038849 0.101637 -0.015958
-0.038789 0.102000 -0.015934
-0.038112 0.101957 -0.017296
-0.037281 0.101926 -0.018481
-0.036505 0.101637 -0.019261
-0.036506 0.101911 -0.019263
-0.035971 0.101901 -0.019804
-0.040078 0.102109 -0.012273
-0.040589 0.101637 -0.010791
-0.040270 0.102125 -0.011513
-0.041117 0.101637 -0.008116
-0.041021 0.102190 -0.008540
-0.041843 0.102263 0.000000
-0.041843 0.102263 0.000000
-0.041998 0.101637 -0.000000
-0.041839 0.102263 -0.002038
-0.041645 0.101637 -0.005441
-0.041622 0.102243 -0.004743
-0.041089 0.102196 -0.008111
-0.041117 0.101637 0.008116
-0.041067 0.102195 0.008107
-0.041645 0.101637 0.005441
-0.041506 0.102233 0.005681
-0.041847 0.102264 0.001845
-0.040589 0.101637 0.010791
-0.038849 0.101637 0.015958
-0.038789 0.102000 0.015934
-0.040133 0.102113 0.012088
-0.040284 0.102127 0.011513
-0.040821 0.102173 0.009463
-0.037931 0.101949 0.017587
-0.037481 0.101637 0.018312
-0.035529 0.101637 0.020210
-0.033138 0.101637 0.021511
-0.033121 0.101909 0.021466
-0.034480 0.101897 0.020833
-0.035697 0.101898 0.020025
-0.036505 0.101637 0.019261
-0.036508 0.101911 0.019262
-0.037052 0.101919 0.018750
-0.030404 0.101957 0.022297
-0.029136 0.101637 0.022623
-0.029118 0.101986 0.022520
-0.025000 0.101637 0.022998
-0.025000 0.102097 0.022917
-0.027630 0.102021 0.022779
0.021296 0.102194 0.022900
-0.021296 0.102175 0.022904
-0.008496 0.102447 0.022856
-0.000013 0.102492 0.022848
0.016494 0.102320 0.022878
0.033138 0.101619 0.021512
0.029137 0.101619 0.022625
0.025000 0.101619 0.023000
0.038850 0.101619 0.015959
0.037482 0.101619 0.018313
0.036506 0.101619 0.019262
0.035530 0.101619 0.020211
0.038850 0.101619 -0.015959
0.040590 0.101619 -0.010791
0.041118 0.101619 -0.008116
0.041646 0.101619 -0.005441
0.042000 0.101619 -0.000000
0.041998 0.101637 -0.000000
0.041646 0.101619 0.005441
0.041118 0.101619 0.008116
0.040590 0.101619 0.010791
0.033138 0.101619 -0.021512
0.035530 0.101619 -0.020211
0.036506 0.101619 -0.019262
0.037482 0.101619 -0.018313
0.030404 0.101957 -0.022297
0.029136 0.101637 -0.022623
0.029118 0.101986 -0.022520
0.025000 0.101637 -0.022998
0.025000 0.102097 -0.022917
0.027630 0.102021 -0.022779
-0.021296 0.102860 0.011513
0.000000 0.103143 0.011513
0.000000 0.103364 -0.000000
0.021296 0.102860 -0.011513
0.000000 0.103143 -0.011513
-0.025000 0.102097 -0.022917
-0.027836 0.102015 -0.022756
-0.029118 0.101986 -0.022521
-0.008496 0.102447 -0.022856
-0.021296 0.102175 -0.022904
-0.021296 0.102860 -0.011513
-0.030605 0.101953 -0.022248
-0.000013 0.102492 -0.022848
0.016494 0.102320 -0.022878
0.021296 0.102194 -0.022900
0.021296 0.103081 -0.000000
0.041675 0.102265 -0.002841
0.021296 0.102860 0.011513
-0.021296 0.103081 -0.000000
-0.025000 0.101637 -0.022998
-0.029136 0.101637 -0.022623
-0.038850 0.101619 -0.015959
-0.037482 0.101619 -0.018313
-0.036506 0.101619 -0.019262
-0.035530 0.101619 -0.020211
-0.033138 0.101619 -0.021512
-0.038850 0.101619 0.015959
-0.040590 0.101619 0.010791
-0.041118 0.101619 0.008116
-0.041646 0.101619 0.005441
-0.042000 0.101619 0.000000
-0.041998 0.101637 -0.000000
-0.041646 0.101619 -0.005441
-0.041118 0.101619 -0.008116
-0.040590 0.101619 -0.010791
-0.033138 0.101619 0.021512
-0.035530 0.101619 0.020211
-0.036506 0.101619 0.019262
-0.037482 0.101619 0.018313
-0.025000 0.101619 0.023000
-0.029137 0.101619 0.022625
-0.009700 0.104450 0.050000
-0.009700 0.103780 0.052500
-0.009700 0.101950 0.054330
-0.009700 0.094450 0.050000
-0.009700 0.095120 0.047500
-0.009700 0.096950 0.045670
-0.009700 0.095120 0.052500
-0.009700 0.096950 0.054330
-0.009700 0.099450 0.055000
-0.009700 0.103780 0.047500
-0.009700 0.101950 0.045670
-0.009700 0.099450 0.045000
0.011300 0.104450 0.050000
0.011300 0.103780 0.047500
0.011300 0.101950 0.045670
0.011300 0.094450 0.050000
0.011300 0.095120 0.052500
0.011300 0.096950 0.054330
0.011300 0.095120 0.047500
0.011300 0.096950 0.045670
0.011300 0.099450 0.045000
0.011300 0.103780 0.052500
0.011300 0.101950 0.054330
0.011300 0.099450 0.055000
0.025000 0.101542 0.023000
0.029137 0.101542 0.022625
0.033138 0.101542 0.021512
0.035530 0.101542 0.020211
0.036506 0.101542 0.019262
0.037482 0.101542 0.018313
0.038850 0.101542 0.015959
0.040590 0.101542 0.010791
0.041118 0.101542 0.008116
0.041646 0.101542 0.005441
0.042000 0.101619 -0.000000
0.042000 0.101542 -0.000000
0.041646 0.101542 -0.005441
0.041118 0.101542 -0.008116
0.040590 0.101542 -0.010791
0.038850 0.101542 -0.015959
0.037482 0.101542 -0.018313
0.036506 0.101542 -0.019262
0.035530 0.101542 -0.020211
0.033138 0.101542 -0.021512
0.025000 0.101619 -0.023000
0.029137 0.101619 -0.022625
-0.029137 0.101619 -0.022625
-0.025000 0.101619 -0.023000
-0.033138 0.101542 -0.021512
-0.035530 0.101542 -0.020211
-0.036506 0.101542 -0.019262
-0.037482 0.101542 -0.018313
-0.038850 0.101542 -0.015959
-0.040590 0.101542 -0.010791
-0.041118 0.101542 -0.008116
-0.041646 0.101542 -0.005441
-0.042000 0.101619 -0.000000
-0.042000 0.101542 -0.000000
-0.041646 0.101542 0.005441
-0.041118 0.101542 0.008116
-0.040590 0.101542 0.010791
-0.038850 0.101542 0.015959
-0.037482 0.101542 0.018313
-0.036506 0.101542 0.019262
-0.035530 0.101542 0.020211
-0.033138 0.101542 0.021512
-0.029137 0.101542 0.022625
-0.025000 0.101542 0.023000
-0.002700 0.095120 0.047500
-0.002700 0.094450 0.050000
-0.002700 0.095120 0.052500
-0.002700 0.096950 0.054330
-0.002700 0.099450 0.055000
-0.002700 0.101950 0.054330
-0.002700 0.103780 0.052500
-0.002700 0.104450 0.050000
-0.002700 0.103780 0.047500
-0.002700 0.101950 0.045670
-0.002700 0.099450 0.045000
-0.002700 0.096950 0.045670
0.004300 0.094450 0.050000
0.004300 0.095120 0.052500
0.004300 0.096950 0.054330
0.004300 0.099450 0.055000
0.004300 0.101950 0.054330
0.004300 0.103780 0.052500
0.004300 0.104450 0.050000
0.004300 0.103780 0.047500
0.004300 0.101950 0.045670
0.004300 0.099450 0.045000
0.004300 0.096950 0.045670
0.004300 0.095120 0.047500
-0.002700 0.086655 0.055682
0.004300 0.086655 0.055682
0.004300 0.085526 0.051455
-0.002700 0.085526 0.051455
0.004300 0.085757 0.047085
-0.002700 0.085757 0.047085
0.004300 0.087326 0.043000
-0.002700 0.087326 0.043000
-0.002700 0.088377 0.063800
0.004300 0.088377 0.063800
0.004300 0.087941 0.059651
-0.002700 0.087941 0.059651
0.029150 0.101585 0.022699
0.033165 0.101585 0.021582
0.033156 0.101592 0.021559
0.025000 0.101585 0.023075
0.029146 0.101592 0.022674
0.025000 0.101592 0.023050
0.029141 0.101585 0.022650
0.025000 0.101585 0.023025
0.029138 0.101567 0.022632
0.025000 0.101567 0.023007
0.033147 0.101585 0.021535
0.033141 0.101567 0.021518
0.037541 0.101585 0.018359
0.038919 0.101585 0.015987
0.038896 0.101592 0.015978
0.035575 0.101585 0.020271
0.037522 0.101592 0.018344
0.035560 0.101592 0.020251
0.035545 0.101585 0.020231
0.035534 0.101567 0.020216
0.037488 0.101567 0.018317
0.037502 0.101585 0.018328
0.038873 0.101585 0.015968
0.038856 0.101567 0.015961
0.040597 0.101567 -0.010793
0.038856 0.101567 -0.015961
0.041191 0.101585 0.008131
0.041720 0.101585 0.005451
0.041696 0.101592 0.005448
0.040663 0.101585 0.010810
0.040638 0.101592 0.010804
0.042050 0.101592 0.000000
0.042075 0.101585 0.000000
0.041696 0.101592 -0.005448
0.038919 0.101585 -0.015987
0.038896 0.101592 -0.015978
0.040663 0.101585 -0.010810
0.040638 0.101592 -0.010804
0.041191 0.101585 -0.008131
0.041720 0.101585 -0.005451
0.038873 0.101585 -0.015968
0.040614 0.101585 -0.010797
0.041671 0.101585 -0.005445
0.042025 0.101585 0.000000
0.041671 0.101585 0.005445
0.041653 0.101567 -0.005442
0.042007 0.101567 0.000000
0.041653 0.101567 0.005442
0.040614 0.101585 0.010797
0.040597 0.101567 0.010793
0.042000 0.101542 0.000000
0.035560 0.101592 -0.020251
0.033156 0.101592 -0.021559
0.033147 0.101585 -0.021535
0.037541 0.101585 -0.018359
0.035575 0.101585 -0.020271
0.037522 0.101592 -0.018344
0.033158 0.101590 -0.021563
0.033165 0.101585 -0.021582
0.037502 0.101585 -0.018328
0.035545 0.101585 -0.020231
0.033141 0.101567 -0.021518
0.037488 0.101567 -0.018317
0.035534 0.101567 -0.020216
0.033140 0.101562 -0.021517
0.029137 0.101542 -0.022625
0.025000 0.101542 -0.023000
-0.025000 0.101542 -0.023000
-0.029137 0.101542 -0.022625
-0.035534 0.101567 -0.020216
-0.033144 0.101579 -0.021527
-0.033148 0.101584 -0.021536
-0.035545 0.101585 -0.020231
-0.037522 0.101592 -0.018344
-0.038896 0.101592 -0.015978
-0.038873 0.101585 -0.015968
-0.035575 0.101585 -0.020271
-0.037541 0.101585 -0.018359
-0.033158 0.101591 -0.021564
-0.033165 0.101585 -0.021582
-0.038901 0.101590 -0.015979
-0.038919 0.101585 -0.015987
-0.033151 0.101589 -0.021544
-0.035560 0.101592 -0.020251
-0.033156 0.101591 -0.021559
-0.037502 0.101585 -0.018328
-0.038856 0.101567 -0.015961
-0.033140 0.101562 -0.021516
-0.033141 0.101566 -0.021519
-0.037488 0.101567 -0.018317
-0.038855 0.101562 -0.015961
-0.040594 0.101562 0.010792
-0.038854 0.101562 0.015960
-0.041701 0.101591 0.005448
-0.040643 0.101591 0.010805
-0.040623 0.101589 0.010800
-0.040663 0.101585 0.010810
-0.038919 0.101585 0.015987
-0.038901 0.101591 0.015980
-0.040663 0.101585 -0.010810
-0.040643 0.101591 -0.010805
-0.041191 0.101585 -0.008131
-0.042075 0.101585 -0.000000
-0.041720 0.101585 0.005451
-0.041191 0.101585 0.008131
-0.042035 0.101589 -0.000000
-0.041680 0.101589 -0.005446
-0.041701 0.101591 -0.005448
-0.038896 0.101591 0.015978
-0.038882 0.101589 0.015972
-0.041662 0.101579 -0.005443
-0.042017 0.101579 -0.000000
-0.041662 0.101579 0.005443
-0.038874 0.101584 0.015968
-0.038865 0.101579 0.015965
-0.040606 0.101579 0.010795
-0.041720 0.101585 -0.005451
-0.042055 0.101591 -0.000000
-0.041680 0.101589 0.005446
-0.040623 0.101589 -0.010800
-0.040606 0.101579 -0.010795
-0.041650 0.101562 -0.005442
-0.042004 0.101562 -0.000000
-0.041650 0.101562 0.005442
-0.038857 0.101566 0.015961
-0.040594 0.101562 -0.010792
-0.042000 0.101542 -0.000000
-0.035575 0.101585 0.020271
-0.033165 0.101585 0.021582
-0.033156 0.101592 0.021559
-0.037541 0.101585 0.018359
-0.035560 0.101592 0.020251
-0.037522 0.101592 0.018344
-0.037502 0.101585 0.018328
-0.037488 0.101567 0.018317
-0.035534 0.101567 0.020216
-0.035545 0.101585 0.020231
-0.033147 0.101585 0.021535
-0.033141 0.101567 0.021518
-0.029150 0.101585 0.022699
-0.025000 0.101585 0.023075
-0.025000 0.101592 0.023050
-0.029146 0.101592 0.022674
-0.029141 0.101585 0.022650
-0.029138 0.101567 0.022632
-0.025000 0.101585 0.023025
-0.025000 0.101567 0.023007
-0.002700 0.094959 0.029778
0.004300 0.094959 0.029778
-0.002700 0.113902 0.054019
-0.002700 0.111863 0.058422
-0.002700 0.107194 0.037154
-0.002700 0.110889 0.040297
-0.002700 0.113388 0.044457
-0.002700 0.114428 0.049196
-0.002700 0.108525 0.061943
-0.002700 0.104238 0.064215
-0.002700 0.099450 0.065000
-0.002700 0.088377 0.065000
0.004300 0.088377 0.065000
0.004300 0.107194 0.037154
0.004300 0.110889 0.040297
0.004300 0.113902 0.054019
0.004300 0.114428 0.049196
0.004300 0.113388 0.044457
0.004300 0.099450 0.065000
0.004300 0.104238 0.064215
0.004300 0.108525 0.061943
0.004300 0.111863 0.058422
0.025000 0.099607 0.026500
0.029766 0.099607 0.026068
0.029784 0.099607 0.026063
0.034377 0.099607 0.024786
0.034412 0.099607 0.024772
0.034523 0.099607 0.024729
0.041162 0.100185 0.016909
0.039805 0.100008 0.019895
0.037556 0.099711 0.022827
0.037737 0.099721 0.022685
0.038819 0.099833 0.021479
0.039707 0.099991 0.020052
0.034955 0.099610 0.024548
0.036268 0.099638 0.023836
0.037492 0.099707 0.022876
0.042592 0.100185 0.012157
0.043658 0.100185 0.008617
0.044099 0.100185 0.004099
0.042075 0.101585 -0.000000
0.044500 0.100185 -0.000000
0.044099 0.100185 -0.004099
0.043658 0.100185 -0.008617
0.042592 0.100185 -0.012157
0.041162 0.100185 -0.016909
0.034412 0.099607 -0.024772
0.034377 0.099607 -0.024786
0.034523 0.099607 -0.024729
0.039719 0.099989 -0.020059
0.039805 0.100008 -0.019895
0.036190 0.099636 -0.023886
0.037504 0.099704 -0.022891
0.037552 0.099707 -0.022855
0.037566 0.099708 -0.022840
0.038818 0.099833 -0.021480
0.039613 0.099966 -0.020260
0.029150 0.101585 -0.022699
0.025000 0.101585 -0.023075
0.025000 0.101591 -0.023055
0.029147 0.101591 -0.022679
0.029143 0.101589 -0.022659
0.029140 0.101579 -0.022641
0.029137 0.101562 -0.022629
0.025000 0.101589 -0.023035
0.025000 0.101579 -0.023017
0.025000 0.101562 -0.023004
-0.029150 0.101585 -0.022699
-0.025000 0.101585 -0.023075
-0.029147 0.101591 -0.022679
-0.029143 0.101589 -0.022659
-0.029140 0.101579 -0.022641
-0.025000 0.101591 -0.023055
-0.025000 0.101589 -0.023035
-0.025000 0.101579 -0.023017
-0.029137 0.101562 -0.022629
-0.025000 0.101562 -0.023004
-0.034412 0.099607 -0.024772
-0.034523 0.099607 -0.024729
-0.034377 0.099607 -0.024786
-0.041162 0.100185 -0.016909
-0.039805 0.100008 -0.019895
-0.037556 0.099711 -0.022827
-0.037737 0.099721 -0.022685
-0.038819 0.099833 -0.021479
-0.039707 0.099991 -0.020052
-0.034955 0.099610 -0.024548
-0.036268 0.099638 -0.023836
-0.037492 0.099707 -0.022876
-0.042592 0.100185 -0.012157
-0.043658 0.100185 -0.008617
-0.044099 0.100185 -0.004099
-0.042075 0.101585 0.000000
-0.044500 0.100185 0.000000
-0.044099 0.100185 0.004099
-0.043658 0.100185 0.008617
-0.042592 0.100185 0.012157
-0.041162 0.100185 0.016909
-0.039719 0.099989 0.020059
-0.039805 0.100008 0.019895
-0.034377 0.099607 0.024786
-0.034523 0.099607 0.024729
-0.036190 0.099636 0.023886
-0.037504 0.099704 0.022891
-0.037552 0.099707 0.022855
-0.037566 0.099708 0.022840
-0.038818 0.099833 0.021480
-0.039613 0.099966 0.020260
-0.025000 0.099607 0.026500
-0.029766 0.099607 0.026068
-0.029784 0.099607 0.026063
-0.034412 0.099607 0.024772
0.011050 0.107194 0.037154
0.011050 0.109986 0.039323
0.011050 0.110813 0.040359
0.011050 0.112193 0.042086
0.011050 0.113317 0.044490
0.011050 0.113691 0.045289
0.011050 0.114398 0.048754
0.011050 0.114275 0.052287
0.011050 0.114383 0.049194
0.011050 0.113327 0.055694
0.011050 0.113801 0.053991
0.011050 0.108481 0.061878
0.011050 0.109214 0.061387
0.011050 0.111609 0.058785
0.011050 0.111823 0.058399
0.011050 0.106278 0.063356
0.011050 0.104204 0.064123
0.011050 0.102961 0.064583
0.011050 0.099450 0.065000
0.011050 0.090350 0.027000
-0.011050 0.090350 0.027000
-0.011050 0.107194 0.037154
-0.011050 0.109986 0.039323
-0.011050 0.113317 0.044490
-0.011050 0.112193 0.042086
-0.011050 0.110813 0.040359
-0.011050 0.113691 0.045289
-0.011050 0.114398 0.048754
-0.011050 0.114383 0.049194
-0.011050 0.114275 0.052287
-0.011050 0.111823 0.058399
-0.011050 0.113327 0.055694
-0.011050 0.113801 0.053991
-0.011050 0.111609 0.058785
-0.011050 0.109214 0.061387
-0.011050 0.108481 0.061878
-0.011050 0.106278 0.063356
-0.011050 0.099450 0.065000
-0.011050 0.102961 0.064583
-0.011050 0.104204 0.064123
-0.011050 0.075431 0.065000
0.011050 0.075431 0.065000
-0.011050 0.074356 0.064801
0.011050 0.074356 0.064801
-0.011050 0.073424 0.064229
0.011050 0.073424 0.064229
-0.011050 0.072758 0.063362
0.011050 0.072758 0.063362
-0.011050 0.066495 0.051070
0.011050 0.066495 0.051070
0.029784 0.090650 0.026065
0.034412 0.090650 0.024772
0.025000 0.090650 0.026500
0.037567 0.090650 0.022841
0.039805 0.090650 0.019895
0.039805 0.090650 -0.019895
0.042790 0.090650 -0.012217
0.042790 0.090650 0.012217
0.044309 0.090650 0.004119
0.044309 0.090650 -0.004119
0.044500 0.100185 -0.000000
0.037567 0.090650 -0.022841
0.034412 0.090650 -0.024772
0.029784 0.090650 -0.026065
0.029784 0.099607 -0.026063
0.029766 0.099607 -0.026068
0.025000 0.090650 -0.026500
0.025000 0.099607 -0.026500
-0.025000 0.099607 -0.026500
-0.029766 0.099607 -0.026068
-0.029784 0.099607 -0.026063
-0.029784 0.090650 -0.026065
-0.034412 0.090650 -0.024772
-0.025000 0.090650 -0.026500
-0.037567 0.090650 -0.022841
-0.039805 0.090650 -0.019895
-0.039805 0.090650 0.019895
-0.042790 0.090650 0.012217
-0.042790 0.090650 -0.012217
-0.044309 0.090650 -0.004119
-0.044309 0.090650 0.004119
-0.044500 0.100185 0.000000
-0.037567 0.090650 0.022841
-0.034412 0.090650 0.024772
-0.029784 0.090650 0.026065
-0.025000 0.090650 0.026500
0.012300 0.067609 0.050502
0.012300 0.073872 0.062794
0.012133 0.073315 0.063078
0.012133 0.067052 0.050786
0.011675 0.072907 0.063286
0.011675 0.066644 0.050994
0.012133 0.073842 0.063765
0.012133 0.074580 0.064217
0.011675 0.074416 0.064644
0.012300 0.075431 0.063750
0.012174 0.075431 0.064220
0.012300 0.074804 0.063634
0.012300 0.074260 0.063301
0.011675 0.073536 0.064105
0.012133 0.075431 0.064375
0.011904 0.075431 0.064604
0.011675 0.075431 0.064833
0.011520 0.075431 0.064874
0.012174 0.099450 0.064220
0.012300 0.099450 0.063750
0.012133 0.099450 0.064375
0.011904 0.099450 0.064604
0.011675 0.099450 0.064833
0.011520 0.099450 0.064874
0.012133 0.113098 0.045485
0.012133 0.111662 0.042416
0.011675 0.112050 0.042175
0.012133 0.111102 0.058419
0.012133 0.112749 0.055457
0.011675 0.113172 0.055631
0.012300 0.102669 0.063368
0.012133 0.102815 0.063976
0.012300 0.112171 0.055220
0.012300 0.110595 0.058052
0.012300 0.108401 0.060438
0.012300 0.111131 0.042746
0.012300 0.112504 0.045682
0.012300 0.113152 0.048858
0.012300 0.106549 0.038224
0.012174 0.106791 0.037821
0.012300 0.109108 0.040213
0.012133 0.109547 0.039768
0.011675 0.102922 0.064420
0.011675 0.109105 0.061260
0.011675 0.106201 0.063207
0.012133 0.105993 0.062800
0.012300 0.105709 0.062243
0.012133 0.108808 0.060912
0.011675 0.111473 0.058686
0.011675 0.114231 0.048768
0.011675 0.114109 0.052262
0.012133 0.113657 0.052192
0.012300 0.113039 0.052097
0.012133 0.113775 0.048806
0.011675 0.113532 0.045342
0.011675 0.109868 0.039442
0.012133 0.106871 0.037689
0.011904 0.106989 0.037493
0.011675 0.107107 0.037297
0.011520 0.107129 0.037261
0.011525 0.090350 0.027130
0.011604 0.090350 0.027151
0.011604 0.090350 0.027151
0.011520 0.107129 0.037261
0.011675 0.107107 0.037297
0.011604 0.090350 0.027151
0.011675 0.107107 0.037297
0.011908 0.090350 0.027462
0.011908 0.090350 0.027462
0.011675 0.107107 0.037297
0.011904 0.106989 0.037493
0.011908 0.090350 0.027462
0.011904 0.106989 0.037493
0.012086 0.090350 0.027644
0.012086 0.090350 0.027644
0.011904 0.106989 0.037493
0.012133 0.106871 0.037689
0.012086 0.090350 0.027644
0.012133 0.106871 0.037689
0.012158 0.090350 0.027918
0.012133 0.106871 0.037689
0.012174 0.106791 0.037821
0.012158 0.090350 0.027918
0.012158 0.090350 0.027918
0.012174 0.106791 0.037821
0.012300 0.106549 0.038224
0.012158 0.090350 0.027918
0.012300 0.106549 0.038224
0.012300 0.090350 0.028460
-0.025000 0.099607 0.026500
-0.025000 0.090650 0.026500
0.025000 0.099607 0.026500
0.025000 0.099607 0.026500
-0.025000 0.090650 0.026500
-0.012300 0.090650 0.026500
0.025000 0.090650 0.026500
0.025000 0.099607 0.026500
0.012300 0.090650 0.026500
0.012300 0.090650 0.026500
0.025000 0.099607 0.026500
-0.012300 0.090650 0.026500
0.012300 0.090650 0.026500
-0.012300 0.090650 0.026500
0.012300 0.090350 0.026500
0.012300 0.090350 0.026500
-0.012300 0.090650 0.026500
-0.012300 0.090350 0.026500
0.011525 0.090350 0.027130
0.011604 0.090350 0.027151
0.012300 0.090350 0.026500
0.012300 0.090350 0.026500
0.011604 0.090350 0.027151
0.011908 0.090350 0.027462
-0.012300 0.090350 0.026500
-0.012300 0.090350 0.028460
-0.012158 0.090350 0.027918
0.011908 0.090350 0.027462
0.012086 0.090350 0.027644
0.012300 0.090350 0.026500
0.012300 0.090350 0.026500
0.012086 0.090350 0.027644
0.012158 0.090350 0.027918
0.012300 0.090350 0.026500
0.012158 0.090350 0.027918
0.012300 0.090350 0.028460
-0.012158 0.090350 0.027918
-0.012086 0.090350 0.027644
-0.012300 0.090350 0.026500
-0.012300 0.090350 0.026500
-0.012086 0.090350 0.027644
-0.011908 0.090350 0.027462
-0.012300 0.090350 0.026500
-0.011908 0.090350 0.027462
-0.011604 0.090350 0.027151
-0.011604 0.090350 0.027151
-0.011525 0.090350 0.027130
-0.012300 0.090350 0.026500
-0.012300 0.090350 0.026500
-0.011525 0.090350 0.027130
-0.011050 0.090350 0.027000
-0.012300 0.090350 0.026500
-0.011050 0.090350 0.027000
0.012300 0.090350 0.026500
0.012300 0.090350 0.026500
-0.011050 0.090350 0.027000
0.011050 0.090350 0.027000
0.012300 0.090350 0.026500
0.011050 0.090350 0.027000
0.011525 0.090350 0.027130
-0.012300 0.106549 0.038224
-0.012174 0.106791 0.037821
-0.012300 0.090350 0.028460
-0.012300 0.090350 0.028460
-0.012174 0.106791 0.037821
-0.012158 0.090350 0.027918
-0.012158 0.090350 0.027918
-0.012174 0.106791 0.037821
-0.012086 0.090350 0.027644
-0.012086 0.090350 0.027644
-0.012174 0.106791 0.037821
-0.012133 0.106871 0.037689
-0.012086 0.090350 0.027644
-0.012133 0.106871 0.037689
-0.011908 0.090350 0.027462
-0.011908 0.090350 0.027462
-0.012133 0.106871 0.037689
-0.011904 0.106989 0.037493
-0.011908 0.090350 0.027462
-0.011904 0.106989 0.037493
-0.011604 0.090350 0.027151
-0.011604 0.090350 0.027151
-0.011904 0.106989 0.037493
-0.011675 0.107107 0.037297
-0.011604 0.090350 0.027151
-0.011675 0.107107 0.037297
-0.011525 0.090350 0.027130
-0.011675 0.107107 0.037297
-0.011520 0.107129 0.037261
-0.011525 0.090350 0.027130
-0.011525 0.090350 0.027130
-0.011520 0.107129 0.037261
-0.011050 0.107194 0.037154
-0.011525 0.090350 0.027130
-0.011050 0.107194 0.037154
-0.011050 0.090350 0.027000
-0.012174 0.106791 0.037821
-0.012300 0.106549 0.038224
-0.012300 0.109108 0.040213
-0.011904 0.106989 0.037493
-0.012133 0.106871 0.037689
-0.012133 0.109547 0.039768
-0.011520 0.107129 0.037261
-0.011675 0.107107 0.037297
-0.011675 0.109868 0.039442
-0.011675 0.102922 0.064420
-0.011675 0.099450 0.064833
-0.011050 0.099450 0.065000
-0.011050 0.099450 0.065000
-0.011050 0.102961 0.064583
-0.011675 0.102922 0.064420
-0.011675 0.102922 0.064420
-0.011050 0.102961 0.064583
-0.011050 0.104204 0.064123
-0.011675 0.102922 0.064420
-0.011050 0.104204 0.064123
-0.011675 0.106201 0.063207
-0.011050 0.104204 0.064123
-0.011050 0.106278 0.063356
-0.011675 0.106201 0.063207
-0.011675 0.106201 0.063207
-0.011050 0.106278 0.063356
-0.011050 0.108481 0.061878
-0.011675 0.106201 0.063207
-0.011050 0.108481 0.061878
-0.011675 0.109105 0.061260
-0.011675 0.109105 0.061260
-0.011050 0.108481 0.061878
-0.011050 0.109214 0.061387
-0.011675 0.109105 0.061260
-0.011050 0.109214 0.061387
-0.011675 0.111473 0.058686
-0.011050 0.109214 0.061387
-0.011050 0.111609 0.058785
-0.011675 0.111473 0.058686
-0.011675 0.111473 0.058686
-0.011050 0.111609 0.058785
-0.011050 0.111823 0.058399
-0.011675 0.111473 0.058686
-0.011050 0.111823 0.058399
-0.011675 0.113172 0.055631
-0.011050 0.111823 0.058399
-0.011050 0.113327 0.055694
-0.011675 0.113172 0.055631
-0.011675 0.113172 0.055631
-0.011050 0.113327 0.055694
-0.011050 0.113801 0.053991
-0.011675 0.113172 0.055631
-0.011050 0.113801 0.053991
-0.011675 0.114109 0.052262
-0.011050 0.113801 0.053991
-0.011050 0.114275 0.052287
-0.011675 0.114109 0.052262
-0.011675 0.114109 0.052262
-0.011050 0.114275 0.052287
-0.011050 0.114383 0.049194
-0.011675 0.114109 0.052262
-0.011050 0.114383 0.049194
-0.011675 0.114231 0.048768
-0.011675 0.114231 0.048768
-0.011050 0.114383 0.049194
-0.011050 0.114398 0.048754
-0.011675 0.114231 0.048768
-0.011050 0.114398 0.048754
-0.011675 0.113532 0.045342
-0.011050 0.114398 0.048754
-0.011050 0.113691 0.045289
-0.011675 0.113532 0.045342
-0.011675 0.113532 0.045342
-0.011050 0.113691 0.045289
-0.011050 0.113317 0.044490
-0.011675 0.113532 0.045342
-0.011050 0.113317 0.044490
-0.011675 0.112050 0.042175
-0.011050 0.107194 0.037154
-0.011520 0.107129 0.037261
-0.011050 0.109986 0.039323
-0.011050 0.109986 0.039323
-0.011520 0.107129 0.037261
-0.011675 0.109868 0.039442
-0.011050 0.109986 0.039323
-0.011675 0.109868 0.039442
-0.011050 0.110813 0.040359
-0.011050 0.110813 0.040359
-0.011675 0.109868 0.039442
-0.011675 0.112050 0.042175
-0.011050 0.110813 0.040359
-0.011675 0.112050 0.042175
-0.011050 0.112193 0.042086
-0.011050 0.112193 0.042086
-0.011675 0.112050 0.042175
-0.011050 0.113317 0.044490
-0.011675 0.107107 0.037297
-0.011904 0.106989 0.037493
-0.011675 0.109868 0.039442
-0.011675 0.109868 0.039442
-0.011904 0.106989 0.037493
-0.012133 0.109547 0.039768
-0.011675 0.109868 0.039442
-0.012133 0.109547 0.039768
-0.011675 0.112050 0.042175
-0.011675 0.112050 0.042175
-0.012133 0.109547 0.039768
-0.012133 0.111662 0.042416
-0.011675 0.112050 0.042175
-0.012133 0.111662 0.042416
-0.011675 0.113532 0.045342
-0.011675 0.113532 0.045342
-0.012133 0.111662 0.042416
-0.012133 0.113098 0.045485
-0.011675 0.113532 0.045342
-0.012133 0.113098 0.045485
-0.011675 0.114231 0.048768
-0.011675 0.114231 0.048768
-0.012133 0.113098 0.045485
-0.012133 0.113775 0.048806
-0.011675 0.114231 0.048768
-0.012133 0.113775 0.048806
-0.011675 0.114109 0.052262
-0.011675 0.114109 0.052262
-0.012133 0.113775 0.048806
-0.012133 0.113657 0.052192
-0.011675 0.114109 0.052262
-0.012133 0.113657 0.052192
-0.011675 0.113172 0.055631
-0.011675 0.113172 0.055631
-0.012133 0.113657 0.052192
-0.012133 0.112749 0.055457
-0.011675 0.113172 0.055631
-0.012133 0.112749 0.055457
-0.011675 0.111473 0.058686
-0.011675 0.111473 0.058686
-0.012133 0.112749 0.055457
-0.012133 0.111102 0.058419
-0.011675 0.111473 0.058686
-0.012133 0.111102 0.058419
-0.011675 0.109105 0.061260
-0.011675 0.109105 0.061260
-0.012133 0.111102 0.058419
-0.012133 0.108808 0.060912
-0.011675 0.109105 0.061260
-0.012133 0.108808 0.060912
-0.011675 0.106201 0.063207
-0.011675 0.106201 0.063207
-0.012133 0.108808 0.060912
-0.012133 0.105993 0.062800
-0.011675 0.106201 0.063207
-0.012133 0.105993 0.062800
-0.011675 0.102922 0.064420
-0.011675 0.102922 0.064420
-0.012133 0.105993 0.062800
-0.012133 0.102815 0.063976
-0.011675 0.102922 0.064420
-0.012133 0.102815 0.063976
-0.011675 0.099450 0.064833
-0.011675 0.099450 0.064833
-0.012133 0.102815 0.063976
-0.012133 0.099450 0.064375
-0.012133 0.106871 0.037689
-0.012174 0.106791 0.037821
-0.012133 0.109547 0.039768
-0.012133 0.109547 0.039768
-0.012174 0.106791 0.037821
-0.012300 0.109108 0.040213
-0.012133 0.109547 0.039768
-0.012300 0.109108 0.040213
-0.012133 0.111662 0.042416
-0.012133 0.111662 0.042416
-0.012300 0.109108 0.040213
-0.012300 0.111131 0.042746
-0.012133 0.111662 0.042416
-0.012300 0.111131 0.042746
-0.012133 0.113098 0.045485
-0.012133 0.113098 0.045485
-0.012300 0.111131 0.042746
-0.012300 0.112504 0.045682
-0.012133 0.113098 0.045485
-0.012300 0.112504 0.045682
-0.012133 0.113775 0.048806
-0.012133 0.113775 0.048806
-0.012300 0.112504 0.045682
-0.012300 0.113152 0.048858
-0.012133 0.113775 0.048806
-0.012300 0.113152 0.048858
-0.012133 0.113657 0.052192
-0.012133 0.113657 0.052192
-0.012300 0.113152 0.048858
-0.012300 0.113039 0.052097
-0.012133 0.113657 0.052192
-0.012300 0.113039 0.052097
-0.012133 0.112749 0.055457
-0.012133 0.112749 0.055457
-0.012300 0.113039 0.052097
-0.012300 0.112171 0.055220
-0.012133 0.112749 0.055457
-0.012300 0.112171 0.055220
-0.012133 0.111102 0.058419
-0.012133 0.111102 0.058419
-0.012300 0.112171 0.055220
-0.012300 0.110595 0.058052
-0.012133 0.111102 0.058419
-0.012300 0.110595 0.058052
-0.012133 0.108808 0.060912
-0.012133 0.108808 0.060912
-0.012300 0.110595 0.058052
-0.012300 0.108401 0.060438
-0.012133 0.108808 0.060912
-0.012300 0.108401 0.060438
-0.012133 0.105993 0.062800
-0.012133 0.105993 0.062800
-0.012300 0.108401 0.060438
-0.012300 0.105709 0.062243
-0.012133 0.105993 0.062800
-0.012300 0.105709 0.062243
-0.012133 0.102815 0.063976
-0.012133 0.102815 0.063976
-0.012300 0.105709 0.062243
-0.012300 0.102669 0.063368
-0.012133 0.102815 0.063976
-0.012300 0.102669 0.063368
-0.012133 0.099450 0.064375
-0.012133 0.099450 0.064375
-0.012300 0.102669 0.063368
-0.012300 0.099450 0.063750
-0.012300 0.099450 0.063750
-0.012300 0.075431 0.063750
-0.012133 0.075431 0.064375
-0.012300 0.099450 0.063750
-0.012133 0.075431 0.064375
-0.012133 0.099450 0.064375
-0.012133 0.099450 0.064375
-0.012133 0.075431 0.064375
-0.011675 0.075431 0.064833
-0.012133 0.099450 0.064375
-0.011675 0.075431 0.064833
-0.011675 0.099450 0.064833
-0.011675 0.099450 0.064833
-0.011675 0.075431 0.064833
-0.011050 0.075431 0.065000
-0.011675 0.099450 0.064833
-0.011050 0.075431 0.065000
-0.011050 0.099450 0.065000
-0.011050 0.075431 0.065000
-0.011675 0.075431 0.064833
-0.011050 0.074356 0.064801
-0.011050 0.074356 0.064801
-0.011675 0.075431 0.064833
-0.011675 0.074416 0.064644
-0.011050 0.074356 0.064801
-0.011675 0.074416 0.064644
-0.011050 0.073424 0.064229
-0.011050 0.073424 0.064229
-0.011675 0.074416 0.064644
-0.011675 0.073536 0.064105
-0.011050 0.073424 0.064229
-0.011675 0.073536 0.064105
-0.011050 0.072758 0.063362
-0.011050 0.072758 0.063362
-0.011675 0.073536 0.064105
-0.011675 0.072907 0.063286
-0.011675 0.075431 0.064833
-0.012133 0.075431 0.064375
-0.011675 0.074416 0.064644
-0.011675 0.074416 0.064644
-0.012133 0.075431 0.064375
-0.012133 0.074580 0.064217
-0.011675 0.074416 0.064644
-0.012133 0.074580 0.064217
-0.011675 0.073536 0.064105
-0.011675 0.073536 0.064105
-0.012133 0.074580 0.064217
-0.012133 0.073842 0.063765
-0.011675 0.073536 0.064105
-0.012133 0.073842 0.063765
-0.011675 0.072907 0.063286
-0.011675 0.072907 0.063286
-0.012133 0.073842 0.063765
-0.012133 0.073315 0.063078
-0.012133 0.075431 0.064375
-0.012300 0.075431 0.063750
-0.012133 0.074580 0.064217
-0.012133 0.074580 0.064217
-0.012300 0.075431 0.063750
-0.012300 0.074804 0.063634
-0.012133 0.074580 0.064217
-0.012300 0.074804 0.063634
-0.012133 0.073842 0.063765
-0.012133 0.073842 0.063765
-0.012300 0.074804 0.063634
-0.012300 0.074260 0.063301
-0.012133 0.073842 0.063765
-0.012300 0.074260 0.063301
-0.012133 0.073315 0.063078
-0.012133 0.073315 0.063078
-0.012300 0.074260 0.063301
-0.012300 0.073872 0.062794
-0.012300 0.073872 0.062794
-0.012300 0.067609 0.050502
-0.012133 0.067052 0.050786
-0.012300 0.073872 0.062794
-0.012133 0.067052 0.050786
-0.012133 0.073315 0.063078
-0.012133 0.073315 0.063078
-0.012133 0.067052 0.050786
-0.011675 0.066644 0.050994
-0.012133 0.073315 0.063078
-0.011675 0.066644 0.050994
-0.011675 0.072907 0.063286
-0.011675 0.072907 0.063286
-0.011675 0.066644 0.050994
-0.011050 0.066495 0.051070
-0.011675 0.072907 0.063286
-0.011050 0.066495 0.051070
-0.011050 0.072758 0.063362
-0.011050 0.065950 0.048800
0.011050 0.065950 0.048800
-0.011050 0.066088 0.049967
-0.011050 0.066088 0.049967
0.011050 0.065950 0.048800
0.011050 0.066088 0.049967
-0.011050 0.066088 0.049967
0.011050 0.066088 0.049967
-0.011050 0.066495 0.051070
-0.011050 0.066495 0.051070
0.011050 0.066088 0.049967
0.011050 0.066495 0.051070
0.012500 0.099607 -0.026500
0.025000 0.099607 -0.026500
0.012500 0.090650 -0.026500
0.012500 0.090650 -0.026500
0.025000 0.099607 -0.026500
0.025000 0.090650 -0.026500
0.012300 0.090650 0.026500
0.012300 0.090650 -0.011000
0.025000 0.090650 0.026500
0.025000 0.090650 0.026500
0.012300 0.090650 -0.011000
0.012500 0.090650 -0.011000
0.025000 0.090650 0.026500
0.012500 0.090650 -0.011000
0.029784 0.090650 0.026065
0.029784 0.090650 0.026065
0.012500 0.090650 -0.011000
0.039805 0.090650 0.019895
0.029784 0.090650 0.026065
0.039805 0.090650 0.019895
0.034412 0.090650 0.024772
0.034412 0.090650 0.024772
0.039805 0.090650 0.019895
0.037567 0.090650 0.022841
0.012500 0.090650 -0.011000
0.012500 0.090650 -0.026500
0.039805 0.090650 0.019895
0.039805 0.090650 0.019895
0.012500 0.090650 -0.026500
0.025000 0.090650 -0.026500
0.039805 0.090650 0.019895
0.025000 0.090650 -0.026500
0.029784 0.090650 -0.026065
0.037567 0.090650 -0.022841
0.039805 0.090650 -0.019895
0.034412 0.090650 -0.024772
0.034412 0.090650 -0.024772
0.039805 0.090650 -0.019895
0.042790 0.090650 -0.012217
0.034412 0.090650 -0.024772
0.042790 0.090650 -0.012217
0.029784 0.090650 -0.026065
0.042790 0.090650 0.012217
0.039805 0.090650 0.019895
0.044309 0.090650 0.004119
0.044309 0.090650 0.004119
0.039805 0.090650 0.019895
0.029784 0.090650 -0.026065
0.044309 0.090650 0.004119
0.029784 0.090650 -0.026065
0.044309 0.090650 -0.004119
0.044309 0.090650 -0.004119
0.029784 0.090650 -0.026065
0.042790 0.090650 -0.012217
0.012500 0.090700 -0.042000
-0.012500 0.090700 -0.042000
-0.012500 0.092700 -0.041464
0.012500 0.090700 -0.042000
-0.012500 0.092700 -0.041464
0.012500 0.092700 -0.041464
0.012500 0.092700 -0.041464
-0.012500 0.092700 -0.041464
-0.012500 0.094164 -0.040000
0.012500 0.092700 -0.041464
-0.012500 0.094164 -0.040000
0.012500 0.094164 -0.040000
0.012500 0.094164 -0.040000
-0.012500 0.094164 -0.040000
-0.012500 0.094700 -0.038000
0.012500 0.094164 -0.040000
-0.012500 0.094700 -0.038000
0.012500 0.094700 -0.038000
-0.012500 0.094700 -0.035000
0.012500 0.094700 -0.035000
-0.012500 0.094700 -0.038000
-0.012500 0.094700 -0.038000
0.012500 0.094700 -0.035000
0.012500 0.094700 -0.038000
-0.012500 0.099607 -0.026500
-0.025000 0.099607 -0.026500
-0.025000 0.101585 -0.023075
0.025000 0.101585 -0.023075
0.025000 0.099607 -0.026500
0.012500 0.099607 -0.026500
0.012500 0.094700 -0.035000
-0.012500 0.094700 -0.035000
0.012500 0.099607 -0.026500
0.012500 0.099607 -0.026500
-0.012500 0.094700 -0.035000
-0.012500 0.099607 -0.026500
0.012500 0.099607 -0.026500
-0.012500 0.099607 -0.026500
0.025000 0.101585 -0.023075
0.025000 0.101585 -0.023075
-0.012500 0.099607 -0.026500
-0.025000 0.101585 -0.023075
-0.025000 0.090650 -0.026500
-0.025000 0.099607 -0.026500
-0.012500 0.090650 -0.026500
-0.012500 0.090650 -0.026500
-0.025000 0.099607 -0.026500
-0.012500 0.099607 -0.026500
-0.012500 0.090650 -0.026500
-0.012500 0.090650 -0.011000
-0.025000 0.090650 -0.026500
-0.025000 0.090650 -0.026500
-0.012500 0.090650 -0.011000
-0.039805 0.090650 0.019895
-0.025000 0.090650 -0.026500
-0.039805 0.090650 0.019895
-0.029784 0.090650 -0.026065
-0.029784 0.090650 -0.026065
-0.039805 0.090650 0.019895
-0.042790 0.090650 0.012217
-0.029784 0.090650 -0.026065
-0.042790 0.090650 0.012217
-0.034412 0.090650 -0.024772
-0.034412 0.090650 -0.024772
-0.042790 0.090650 0.012217
-0.044309 0.090650 0.004119
-0.034412 0.090650 -0.024772
-0.044309 0.090650 0.004119
-0.037567 0.090650 -0.022841
-0.037567 0.090650 -0.022841
-0.044309 0.090650 0.004119
-0.044309 0.090650 -0.004119
-0.037567 0.090650 -0.022841
-0.044309 0.090650 -0.004119
-0.039805 0.090650 -0.019895
-0.039805 0.090650 -0.019895
-0.044309 0.090650 -0.004119
-0.042790 0.090650 -0.012217
-0.012300 0.090650 -0.011000
-0.012300 0.090650 0.026500
-0.012500 0.090650 -0.011000
-0.012500 0.090650 -0.011000
-0.012300 0.090650 0.026500
-0.025000 0.090650 0.026500
-0.037567 0.090650 0.022841
-0.039805 0.090650 0.019895
-0.034412 0.090650 0.024772
-0.034412 0.090650 0.024772
-0.039805 0.090650 0.019895
-0.012500 0.090650 -0.011000
-0.034412 0.090650 0.024772
-0.012500 0.090650 -0.011000
-0.029784 0.090650 0.026065
-0.029784 0.090650 0.026065
-0.012500 0.090650 -0.011000
-0.025000 0.090650 0.026500
-0.011050 0.066088 0.049967
-0.011050 0.066495 0.051070
-0.011675 0.066644 0.050994
-0.011050 0.065950 0.048800
-0.011050 0.066088 0.049967
-0.011675 0.066251 0.049928
-0.011050 0.065950 0.048800
-0.011675 0.066251 0.049928
-0.011675 0.066117 0.048800
-0.011675 0.066117 0.048800
-0.011675 0.066251 0.049928
-0.012133 0.066696 0.049821
-0.011675 0.066117 0.048800
-0.012133 0.066696 0.049821
-0.012133 0.066575 0.048800
-0.012133 0.066575 0.048800
-0.012133 0.066696 0.049821
-0.012300 0.067304 0.049675
-0.012133 0.066575 0.048800
-0.012300 0.067304 0.049675
-0.012300 0.067200 0.048800
-0.011050 0.066088 0.049967
-0.011675 0.066644 0.050994
-0.011675 0.066251 0.049928
-0.011675 0.066251 0.049928
-0.011675 0.066644 0.050994
-0.012133 0.067052 0.050786
-0.011675 0.066251 0.049928
-0.012133 0.067052 0.050786
-0.012133 0.066696 0.049821
-0.012133 0.066696 0.049821
-0.012133 0.067052 0.050786
-0.012300 0.067609 0.050502
-0.012133 0.066696 0.049821
-0.012300 0.067609 0.050502
-0.012300 0.067304 0.049675
0.012300 0.067304 0.049675
0.012300 0.067609 0.050502
0.012133 0.067052 0.050786
0.012300 0.067200 0.048800
0.012300 0.067304 0.049675
0.012133 0.066696 0.049821
0.012300 0.067200 0.048800
0.012133 0.066696 0.049821
0.012133 0.066575 0.048800
0.012133 0.066575 0.048800
0.012133 0.066696 0.049821
0.011675 0.066251 0.049928
0.012133 0.066575 0.048800
0.011675 0.066251 0.049928
0.011675 0.066117 0.048800
0.011675 0.066117 0.048800
0.011675 0.066251 0.049928
0.011050 0.066088 0.049967
0.011675 0.066117 0.048800
0.011050 0.066088 0.049967
0.011050 0.065950 0.048800
0.012300 0.067304 0.049675
0.012133 0.067052 0.050786
0.012133 0.066696 0.049821
0.012133 0.066696 0.049821
0.012133 0.067052 0.050786
0.011675 0.066644 0.050994
0.012133 0.066696 0.049821
0.011675 0.066644 0.050994
0.011675 0.066251 0.049928
0.011675 0.066251 0.049928
0.011675 0.066644 0.050994
0.011050 0.066495 0.051070
0.011675 0.066251 0.049928
0.011050 0.066495 0.051070
0.011050 0.066088 0.049967
0.012500 0.090650 -0.011000
0.012300 0.090650 -0.011000
0.012500 0.070100 -0.011000
0.012500 0.070100 -0.011000
0.012300 0.090650 -0.011000
0.012300 0.070100 -0.011000
0.012500 0.094700 -0.035000
0.012500 0.099607 -0.026500
0.012500 0.090650 -0.026500
0.012500 0.090650 -0.011000
0.012500 0.070100 -0.011000
0.012500 0.090650 -0.026500
0.012500 0.090650 -0.026500
0.012500 0.070100 -0.011000
0.012500 0.070100 -0.042000
0.012500 0.090650 -0.026500
0.012500 0.070100 -0.042000
0.012500 0.094700 -0.035000
0.012500 0.094700 -0.035000
0.012500 0.070100 -0.042000
0.012500 0.090700 -0.042000
0.012500 0.094700 -0.035000
0.012500 0.090700 -0.042000
0.012500 0.094700 -0.038000
0.012500 0.094700 -0.038000
0.012500 0.090700 -0.042000
0.012500 0.092700 -0.041464
0.012500 0.094700 -0.038000
0.012500 0.092700 -0.041464
0.012500 0.094164 -0.040000
-0.012500 0.070100 -0.011000
-0.012500 0.090650 -0.011000
-0.012500 0.070100 -0.042000
-0.012500 0.070100 -0.042000
-0.012500 0.090650 -0.011000
-0.012500 0.090650 -0.026500
-0.012500 0.090650 -0.026500
-0.012500 0.099607 -0.026500
-0.012500 0.070100 -0.042000
-0.012500 0.070100 -0.042000
-0.012500 0.099607 -0.026500
-0.012500 0.094700 -0.035000
-0.012500 0.070100 -0.042000
-0.012500 0.094700 -0.035000
-0.012500 0.090700 -0.042000
-0.012500 0.090700 -0.042000
-0.012500 0.094700 -0.035000
-0.012500 0.094700 -0.038000
-0.012500 0.090700 -0.042000
-0.012500 0.094700 -0.038000
-0.012500 0.092700 -0.041464
-0.012500 0.092700 -0.041464
-0.012500 0.094700 -0.038000
-0.012500 0.094164 -0.040000
-0.012300 0.090650 -0.011000
-0.012500 0.090650 -0.011000
-0.012300 0.070100 -0.011000
-0.012300 0.070100 -0.011000
-0.012500 0.090650 -0.011000
-0.012500 0.070100 -0.011000
-0.012500 0.090700 -0.042000
0.012500 0.090700 -0.042000
-0.012500 0.070100 -0.042000
-0.012500 0.070100 -0.042000
0.012500 0.090700 -0.042000
0.012500 0.070100 -0.042000
0.012300 0.067200 0.042714
0.012300 0.067200 0.048800
0.012218 0.066755 0.042738
0.012218 0.066755 0.042738
0.012300 0.067200 0.048800
0.012133 0.066575 0.048800
0.011711 0.066139 0.042880
0.012017 0.066408 0.042795
0.012133 0.066575 0.048800
0.012133 0.066575 0.048800
0.012017 0.066408 0.042795
0.012118 0.066583 0.042766
0.012133 0.066575 0.048800
0.012118 0.066583 0.042766
0.012218 0.066755 0.042738
0.011711 0.066139 0.042880
0.012133 0.066575 0.048800
0.011673 0.066123 0.042890
0.011673 0.066123 0.042890
0.012133 0.066575 0.048800
0.011675 0.066117 0.048800
0.011673 0.066123 0.042890
0.011675 0.066117 0.048800
0.011323 0.065980 0.042984
0.011323 0.065980 0.042984
0.011675 0.066117 0.048800
0.011050 0.065950 0.048800
0.011323 0.065980 0.042984
0.011050 0.065950 0.048800
0.011050 0.065950 0.043055
-0.011050 0.065950 0.043055
-0.011050 0.065950 0.048800
-0.011340 0.065984 0.042979
-0.011340 0.065984 0.042979
-0.011050 0.065950 0.048800
-0.011675 0.066117 0.048800
-0.012118 0.066582 0.042766
-0.012054 0.066456 0.042784
-0.012133 0.066575 0.048800
-0.012133 0.066575 0.048800
-0.012054 0.066456 0.042784
-0.011738 0.066156 0.042872
-0.012133 0.066575 0.048800
-0.011738 0.066156 0.042872
-0.011675 0.066117 0.048800
-0.011675 0.066117 0.048800
-0.011738 0.066156 0.042872
-0.011671 0.066127 0.042890
-0.011675 0.066117 0.048800
-0.011671 0.066127 0.042890
-0.011340 0.065984 0.042979
-0.012118 0.066582 0.042766
-0.012133 0.066575 0.048800
-0.012246 0.066837 0.042730
-0.012246 0.066837 0.042730
-0.012133 0.066575 0.048800
-0.012300 0.067200 0.048800
-0.012246 0.066837 0.042730
-0.012300 0.067200 0.048800
-0.012300 0.067200 0.042714
0.011050 0.065950 0.043055
0.011050 0.065950 0.048800
0.008672 0.065950 0.043596
0.008672 0.065950 0.043596
0.011050 0.065950 0.048800
-0.000000 0.065950 0.044450
-0.000000 0.065950 0.044450
0.011050 0.065950 0.048800
-0.008672 0.065950 0.043596
-0.008672 0.065950 0.043596
0.011050 0.065950 0.048800
-0.011050 0.065950 0.048800
-0.008672 0.065950 0.043596
-0.011050 0.065950 0.048800
-0.011050 0.065950 0.043055
-0.012300 0.111131 0.042746
-0.012300 0.109108 0.040213
-0.012300 0.106549 0.038224
-0.012300 0.070100 0.042714
-0.012300 0.067200 0.042714
-0.012300 0.099450 0.063750
-0.012300 0.099450 0.063750
-0.012300 0.067200 0.042714
-0.012300 0.067200 0.048800
-0.012300 0.108401 0.060438
-0.012300 0.110595 0.058052
-0.012300 0.112171 0.055220
-0.012300 0.067200 0.048800
-0.012300 0.067304 0.049675
-0.012300 0.099450 0.063750
-0.012300 0.099450 0.063750
-0.012300 0.067304 0.049675
-0.012300 0.067609 0.050502
-0.012300 0.099450 0.063750
-0.012300 0.067609 0.050502
-0.012300 0.075431 0.063750
-0.012300 0.075431 0.063750
-0.012300 0.067609 0.050502
-0.012300 0.073872 0.062794
-0.012300 0.075431 0.063750
-0.012300 0.073872 0.062794
-0.012300 0.074804 0.063634
-0.012300 0.074804 0.063634
-0.012300 0.073872 0.062794
-0.012300 0.074260 0.063301
-0.012300 0.113152 0.048858
-0.012300 0.112504 0.045682
-0.012300 0.111131 0.042746
-0.012300 0.090650 0.026500
-0.012300 0.090650 -0.011000
-0.012300 0.090350 0.026500
-0.012300 0.090350 0.026500
-0.012300 0.090650 -0.011000
-0.012300 0.070100 -0.011000
-0.012300 0.090350 0.026500
-0.012300 0.070100 -0.011000
-0.012300 0.090350 0.028460
-0.012300 0.090350 0.028460
-0.012300 0.070100 -0.011000
-0.012300 0.070100 0.042714
-0.012300 0.090350 0.028460
-0.012300 0.070100 0.042714
-0.012300 0.106549 0.038224
-0.012300 0.106549 0.038224
-0.012300 0.070100 0.042714
-0.012300 0.099450 0.063750
-0.012300 0.106549 0.038224
-0.012300 0.099450 0.063750
-0.012300 0.102669 0.063368
-0.012300 0.112171 0.055220
-0.012300 0.113039 0.052097
-0.012300 0.113152 0.048858
-0.012300 0.113152 0.048858
-0.012300 0.111131 0.042746
-0.012300 0.112171 0.055220
-0.012300 0.112171 0.055220
-0.012300 0.111131 0.042746
-0.012300 0.106549 0.038224
-0.012300 0.112171 0.055220
-0.012300 0.106549 0.038224
-0.012300 0.108401 0.060438
-0.012300 0.108401 0.060438
-0.012300 0.106549 0.038224
-0.012300 0.102669 0.063368
-0.012300 0.108401 0.060438
-0.012300 0.102669 0.063368
-0.012300 0.105709 0.062243
0.012300 0.105709 0.062243
0.012300 0.102669 0.063368
0.012300 0.099450 0.063750
0.012300 0.067609 0.050502
0.012300 0.099450 0.063750
0.012300 0.075431 0.063750
0.012300 0.067609 0.050502
0.012300 0.075431 0.063750
0.012300 0.073872 0.062794
0.012300 0.073872 0.062794
0.012300 0.075431 0.063750
0.012300 0.074804 0.063634
0.012300 0.073872 0.062794
0.012300 0.074804 0.063634
0.012300 0.074260 0.063301
0.012300 0.067200 0.042714
0.012300 0.070100 0.042714
0.012300 0.067200 0.048800
0.012300 0.067200 0.048800
0.012300 0.070100 0.042714
0.012300 0.099450 0.063750
0.012300 0.067200 0.048800
0.012300 0.099450 0.063750
0.012300 0.067304 0.049675
0.012300 0.067304 0.049675
0.012300 0.099450 0.063750
0.012300 0.067609 0.050502
0.012300 0.110595 0.058052
0.012300 0.112504 0.045682
0.012300 0.112171 0.055220
0.012300 0.112171 0.055220
0.012300 0.112504 0.045682
0.012300 0.113152 0.048858
0.012300 0.112171 0.055220
0.012300 0.113152 0.048858
0.012300 0.113039 0.052097
0.012300 0.090650 -0.011000
0.012300 0.090650 0.026500
0.012300 0.070100 -0.011000
0.012300 0.070100 -0.011000
0.012300 0.090650 0.026500
0.012300 0.090350 0.026500
0.012300 0.070100 -0.011000
0.012300 0.090350 0.026500
0.012300 0.070100 0.042714
0.012300 0.070100 0.042714
0.012300 0.090350 0.026500
0.012300 0.090350 0.028460
0.012300 0.070100 0.042714
0.012300 0.090350 0.028460
0.012300 0.099450 0.063750
0.012300 0.099450 0.063750
0.012300 0.090350 0.028460
0.012300 0.106549 0.038224
0.012300 0.099450 0.063750
0.012300 0.106549 0.038224
0.012300 0.105709 0.062243
0.012300 0.111131 0.042746
0.012300 0.112504 0.045682
0.012300 0.109108 0.040213
0.012300 0.109108 0.040213
0.012300 0.112504 0.045682
0.012300 0.110595 0.058052
0.012300 0.109108 0.040213
0.012300 0.110595 0.058052
0.012300 0.106549 0.038224
0.012300 0.106549 0.038224
0.012300 0.110595 0.058052
0.012300 0.108401 0.060438
0.012300 0.106549 0.038224
0.012300 0.108401 0.060438
0.012300 0.105709 0.062243
