-0.039099 -0.006550 -0.019500
-0.020599 -0.006550 -0.019500
-0.020599 -0.006800 -0.019433
-0.039099 -0.006800 -0.019433
-0.020599 -0.006983 -0.019250
-0.039099 -0.006983 -0.019250
-0.020599 -0.007050 -0.019000
-0.039099 -0.007050 -0.019000
-0.039099 -0.007050 0.019000
-0.020599 -0.007050 0.019000
-0.020599 -0.007012 0.019191
-0.020599 -0.006550 0.019500
-0.039099 -0.006550 0.019500
-0.039099 -0.006738 0.019450
-0.039099 -0.006800 0.019433
-0.020599 -0.006904 0.019354
-0.020599 -0.006741 0.019462
-0.039099 -0.006892 0.019342
-0.039099 -0.006983 0.019250
-0.039099 -0.007000 0.019188
-0.020599 0.045950 -0.019500
-0.030000 0.045950 -0.019500
-0.030000 0.046950 -0.019500
-0.039099 0.046950 -0.019500
-0.030000 0.046950 0.019500
-0.039099 0.046950 0.019500
-0.030000 0.045950 0.019500
-0.020599 0.045950 0.019500
-0.021103 -0.007050 0.000378
-0.056260 -0.007050 -0.005432
-0.056107 -0.007050 -0.008469
-0.054034 -0.007050 -0.010047
-0.054261 -0.007050 -0.011450
-0.050599 -0.007050 -0.013848
-0.056472 -0.007050 0.004708
-0.058018 -0.007050 0.001753
-0.057095 -0.007050 -0.000378
-0.058018 -0.007050 -0.001753
-0.057374 -0.007050 -0.005200
-0.046918 -0.007050 0.016213
-0.042034 -0.007050 0.017759
-0.042590 -0.007050 0.018676
-0.027599 -0.007050 0.013848
-0.024164 -0.007050 0.010047
-0.021938 -0.007050 0.005432
-0.021726 -0.007050 -0.004708
-0.023756 -0.007050 -0.009412
-0.027029 -0.007050 -0.013353
-0.031280 -0.007050 -0.016213
-0.036164 -0.007050 -0.017759
-0.039099 -0.007050 -0.018000
-0.042590 -0.007050 -0.018676
-0.041286 -0.007050 -0.017867
-0.045963 -0.007050 -0.017717
-0.046231 -0.007050 -0.016527
-0.049101 -0.007050 -0.016154
-0.051899 -0.007050 -0.014041
-0.051169 -0.007050 0.013353
-0.054261 -0.007050 0.011450
-0.054442 -0.007050 0.009412
-0.056107 -0.007050 0.008469
-0.057374 -0.007050 0.005200
-0.036912 -0.007050 0.017867
-0.031967 -0.007050 0.016527
-0.045963 -0.007050 0.017717
-0.049101 -0.007050 0.016154
-0.051899 -0.007050 0.014041
0.039534 0.000000 0.020320
0.038735 0.000000 0.020320
0.039615 -0.002533 0.020161
0.038735 -0.005259 0.019628
0.039834 -0.004882 0.019725
0.040824 -0.010150 0.017578
0.040409 -0.008367 0.018517
0.038735 -0.010160 0.017598
0.040177 -0.007162 0.019016
0.039890 -0.005254 0.019609
0.038735 -0.014368 0.014368
0.042062 -0.014342 0.014343
0.041805 -0.013593 0.015104
0.041625 -0.013021 0.015586
0.041486 -0.012576 0.015960
0.040917 -0.010550 0.017366
0.042399 -0.015322 0.013347
0.038735 -0.017598 0.010160
0.042960 -0.016812 0.011413
0.044133 -0.019616 0.005302
0.043804 -0.018865 0.007552
0.038735 -0.019628 0.005259
0.043731 -0.018692 0.007919
0.043375 -0.017847 0.009715
0.043269 -0.017582 0.010150
0.044437 -0.020292 0.000001
0.044445 -0.020310 0.000653
0.038735 -0.020320 0.000000
0.044347 -0.020093 0.003028
0.044137 -0.019625 0.005259
0.044437 -0.020292 0.000000
0.038735 -0.019628 -0.005259
0.044417 -0.020248 -0.001711
0.038735 -0.017598 -0.010160
0.043454 -0.018038 -0.009357
0.043702 -0.018628 -0.008119
0.044062 -0.019457 -0.005861
0.044126 -0.019601 -0.005253
0.044311 -0.020014 -0.003514
0.043734 -0.018701 -0.007919
0.042063 -0.014365 -0.014365
0.042374 -0.015253 -0.013426
0.038735 -0.014368 -0.014368
0.042942 -0.016768 -0.011478
0.043265 -0.017568 -0.010142
0.041435 -0.012410 -0.016090
0.040877 -0.010395 -0.017460
0.038735 -0.010160 -0.017598
0.040821 -0.010155 -0.017587
0.041621 -0.012990 -0.015584
0.042028 -0.014264 -0.014472
0.039751 -0.004153 -0.019891
0.039896 -0.005250 -0.019595
0.038735 -0.005259 -0.019628
0.040051 -0.006416 -0.019281
0.040461 -0.008613 -0.018404
0.039575 -0.001803 -0.020240
0.038735 0.000000 -0.020320
0.039534 0.000000 -0.020320
-0.049233 -0.006983 0.016367
-0.046053 -0.006983 0.017950
-0.046119 -0.006800 0.018121
-0.057614 -0.006983 -0.005268
-0.058267 -0.006983 -0.001776
-0.058449 -0.006800 -0.001793
-0.056331 -0.006983 0.008580
-0.057614 -0.006983 0.005268
-0.058267 -0.006983 0.001776
-0.052068 -0.006983 -0.014226
-0.049233 -0.006983 -0.016367
-0.046053 -0.006983 -0.017950
-0.042636 -0.006983 -0.018922
-0.042636 -0.006983 0.018922
-0.056495 -0.006800 -0.008662
-0.054607 -0.006800 -0.011711
-0.054461 -0.006983 -0.011601
-0.056331 -0.006983 -0.008580
-0.057790 -0.006800 -0.005318
-0.057855 -0.006550 -0.005336
-0.057910 -0.006550 -0.005042
-0.052191 -0.006800 0.014361
-0.054607 -0.006800 0.011711
-0.054461 -0.006983 0.011601
-0.052068 -0.006983 0.014226
-0.049329 -0.006800 0.016522
-0.049364 -0.006550 0.016579
-0.048828 -0.006550 0.016846
-0.042670 -0.006800 0.019102
-0.042670 -0.006800 -0.019102
-0.042682 -0.006550 -0.019168
-0.046119 -0.006800 -0.018121
-0.046143 -0.006550 -0.018183
-0.044124 -0.006550 -0.018758
-0.049329 -0.006800 -0.016522
-0.049364 -0.006550 -0.016579
-0.048828 -0.006550 -0.016846
-0.052191 -0.006800 -0.014361
-0.052236 -0.006550 -0.014411
-0.052841 -0.006550 -0.013747
-0.056555 -0.006550 -0.008692
-0.055924 -0.006550 -0.009711
-0.054660 -0.006550 -0.011751
-0.058516 -0.006550 -0.001799
-0.058449 -0.006800 0.001793
-0.058516 -0.006550 0.001799
-0.058516 -0.006550 -0.000000
-0.057790 -0.006800 0.005318
-0.057855 -0.006550 0.005336
-0.057910 -0.006550 0.005042
-0.056495 -0.006800 0.008662
-0.056555 -0.006550 0.008692
-0.055924 -0.006550 0.009711
-0.052236 -0.006550 0.014411
-0.052841 -0.006550 0.013747
-0.054660 -0.006550 0.011751
-0.046143 -0.006550 0.018183
-0.044124 -0.006550 0.018758
-0.042682 -0.006550 0.019168
-0.044146 0.046950 0.018836
-0.050970 0.046950 0.015470
-0.048849 0.046950 0.016887
-0.046561 0.046950 0.018016
-0.057935 0.046950 0.005047
-0.057115 0.046950 0.007462
-0.055986 0.046950 0.009750
-0.054569 0.046950 0.011871
-0.052888 0.046950 0.013789
-0.057115 0.046950 -0.007462
-0.057935 0.046950 -0.005047
-0.058432 0.046950 -0.002545
-0.058599 0.046950 0.000000
-0.058432 0.046950 0.002545
-0.048849 0.046950 -0.016887
-0.050970 0.046950 -0.015470
-0.052888 0.046950 -0.013789
-0.054569 0.046950 -0.011871
-0.055986 0.046950 -0.009750
-0.041644 0.046950 -0.019333
-0.044146 0.046950 -0.018836
-0.046561 0.046950 -0.018016
0.028632 0.053950 -0.031408
0.022373 0.053950 -0.036134
0.015353 0.053950 -0.039630
-0.015353 0.053950 -0.039630
-0.022373 0.053950 -0.036134
-0.028632 0.053950 -0.031408
0.015353 0.053950 0.039630
0.022373 0.053950 0.036134
0.028632 0.053950 0.031408
-0.038044 0.053950 -0.018944
-0.040878 0.053950 -0.011631
-0.015353 0.053950 0.039630
0.000000 0.053950 0.042500
0.007809 0.053950 0.041776
0.042319 0.053950 0.003921
0.042319 0.053950 -0.003921
0.040878 0.053950 -0.011631
0.007809 0.053950 -0.041776
-0.000000 0.053950 -0.042500
-0.033916 0.053950 -0.025612
-0.007809 0.053950 -0.041776
-0.007809 0.053950 0.041776
0.033916 0.053950 0.025612
0.038044 0.053950 0.018944
0.038044 0.053950 -0.018944
-0.042319 0.053950 -0.003921
-0.042319 0.053950 0.003921
-0.040878 0.053950 0.011631
0.040878 0.053950 0.011631
0.033916 0.053950 -0.025612
-0.022373 0.053950 0.036134
-0.028632 0.053950 0.031408
-0.033916 0.053950 0.025612
-0.038044 0.053950 0.018944
0.016510 0.014156 -0.020320
0.038735 0.014156 -0.020320
0.038735 0.008871 -0.023122
0.016510 0.008871 -0.023122
0.038735 0.003068 -0.024574
0.016510 0.003068 -0.024574
0.038735 -0.002914 -0.024593
0.016510 -0.002914 -0.024593
0.038735 -0.008726 -0.023177
0.016510 -0.008726 -0.023177
0.038735 -0.014029 -0.020408
0.016510 -0.014029 -0.020408
0.038735 -0.018513 -0.016449
0.016510 -0.018513 -0.016449
0.038735 -0.021917 -0.011530
0.016510 -0.021917 -0.011530
0.038735 -0.024043 -0.005938
0.016510 -0.024043 -0.005938
0.038735 -0.024765 -0.000000
0.016510 -0.024765 -0.000000
0.038735 -0.024043 0.005938
0.016510 -0.024043 0.005938
0.038735 -0.021917 0.011530
0.016510 -0.021917 0.011530
0.038735 -0.018513 0.016449
0.016510 -0.018513 0.016449
0.038735 -0.014029 0.020408
0.016510 -0.014029 0.020408
0.038735 -0.008726 0.023177
0.016510 -0.008726 0.023177
0.038735 -0.002914 0.024593
0.016510 -0.002914 0.024593
0.038735 0.003068 0.024574
0.016510 0.003068 0.024574
0.038735 0.008871 0.023122
0.016510 0.008871 0.023122
0.038735 0.014156 0.020320
0.016510 0.014156 0.020320
-0.000000 0.047950 -0.042500
-0.007809 0.047950 -0.041776
-0.015353 0.047950 -0.039630
-0.022373 0.047950 -0.036134
-0.028632 0.047950 -0.031408
-0.033916 0.047950 -0.025612
-0.038044 0.047950 -0.018944
-0.040878 0.047950 -0.011631
-0.042319 0.047950 -0.003921
-0.042319 0.047950 0.003921
-0.040878 0.047950 0.011631
-0.038044 0.047950 0.018944
-0.033916 0.047950 0.025612
-0.028632 0.047950 0.031408
-0.022373 0.047950 0.036134
-0.015353 0.047950 0.039630
-0.007809 0.047950 0.041776
-0.000000 0.047950 0.042500
-0.000000 0.053950 0.042500
0.007809 0.047950 0.041776
0.015353 0.047950 0.039630
0.022373 0.047950 0.036134
0.028632 0.047950 0.031408
0.033916 0.047950 0.025612
0.038044 0.047950 0.018944
0.040878 0.047950 0.011631
0.042319 0.047950 0.003921
0.042319 0.047950 -0.003921
0.040878 0.047950 -0.011631
0.038044 0.047950 -0.018944
0.033916 0.047950 -0.025612
0.028632 0.047950 -0.031408
0.022373 0.047950 -0.036134
0.015353 0.047950 -0.039630
0.007809 0.047950 -0.041776
-0.037777 0.028453 0.023425
-0.039534 0.026258 0.020320
-0.035821 0.030627 0.026319
-0.034801 0.031664 0.020320
-0.035818 0.030629 0.026322
-0.030539 0.035387 0.032259
-0.031311 0.034798 0.031551
-0.029157 0.036459 0.020320
-0.033663 0.032752 0.029028
-0.034784 0.031648 0.027620
-0.022862 0.040358 0.020320
-0.024314 0.039565 0.037203
-0.024472 0.039482 0.037107
-0.027101 0.037878 0.035232
-0.028760 0.036745 0.033892
-0.029149 0.036448 0.033535
-0.017288 0.042810 0.040922
-0.018821 0.042235 0.040269
-0.016055 0.043276 0.020320
-0.021712 0.040938 0.038787
-0.022851 0.040337 0.038094
-0.008890 0.045146 0.043552
-0.009725 0.044984 0.043371
-0.008890 0.045146 0.020320
-0.009895 0.044951 0.043335
-0.012983 0.044218 0.042512
-0.015990 0.043298 0.041474
-0.016055 0.043274 0.041447
0.021144 0.041192 0.039077
0.018821 0.042235 0.040269
0.016055 0.043274 0.041447
0.009895 0.044951 0.043335
0.008890 0.045146 0.043552
0.008890 0.045146 0.020320
0.012983 0.044218 0.042512
0.013841 0.043956 0.042216
0.015990 0.043298 0.041474
0.016055 0.043276 0.020320
0.022862 0.040358 0.020320
0.027773 0.037419 0.034690
0.027101 0.037878 0.035232
0.016510 0.043117 0.020320
0.021712 0.040938 0.038787
0.022851 0.040337 0.038094
0.024472 0.039482 0.037107
0.033513 0.032883 0.029189
0.029157 0.036459 0.020320
0.033663 0.032752 0.029028
0.034801 0.031664 0.020320
0.034784 0.031648 0.027620
0.028760 0.036745 0.033892
0.029149 0.036448 0.033535
0.031311 0.034798 0.031551
0.039534 0.026258 0.020320
0.038163 0.027971 0.022743
0.035818 0.030629 0.026322
0.037777 0.028453 0.023425
0.016510 0.043117 -0.020320
0.022862 0.040358 -0.020320
0.039534 0.026258 -0.020320
0.034801 0.031664 -0.020320
0.029157 0.036459 -0.020320
0.038163 0.027971 -0.022743
0.034784 0.031648 -0.027620
0.035818 0.030629 -0.026322
0.037777 0.028453 -0.023425
0.033663 0.032752 -0.029028
0.033513 0.032883 -0.029189
0.031311 0.034798 -0.031551
0.024472 0.039482 -0.037107
0.027101 0.037878 -0.035232
0.022851 0.040337 -0.038094
0.027773 0.037419 -0.034690
0.028760 0.036745 -0.033892
0.029149 0.036448 -0.033535
0.008890 0.045146 -0.020320
0.008890 0.045146 -0.043552
0.009895 0.044951 -0.043335
0.021712 0.040938 -0.038787
0.021144 0.041192 -0.039077
0.018821 0.042235 -0.040269
0.016055 0.043274 -0.041447
0.016055 0.043276 -0.020320
0.015990 0.043298 -0.041474
0.013841 0.043956 -0.042216
0.012983 0.044218 -0.042512
-0.008890 0.045146 -0.043552
-0.008890 0.045146 -0.020320
-0.009725 0.044984 -0.043371
-0.016055 0.043276 -0.020320
-0.009895 0.044951 -0.043335
-0.016055 0.043274 -0.041447
-0.015990 0.043298 -0.041474
-0.012983 0.044218 -0.042512
-0.017288 0.042810 -0.040922
-0.022862 0.040358 -0.020320
-0.018821 0.042235 -0.040269
-0.021712 0.040938 -0.038787
-0.022851 0.040337 -0.038094
-0.024314 0.039565 -0.037203
-0.029157 0.036459 -0.020320
-0.024472 0.039482 -0.037107
-0.029149 0.036448 -0.033535
-0.028760 0.036745 -0.033892
-0.027101 0.037878 -0.035232
-0.030539 0.035387 -0.032259
-0.034801 0.031664 -0.020320
-0.031311 0.034798 -0.031551
-0.034784 0.031648 -0.027620
-0.033663 0.032752 -0.029028
-0.035818 0.030629 -0.026322
-0.035821 0.030627 -0.026319
-0.037777 0.028453 -0.023425
-0.039534 0.026258 -0.020320
-0.058457 0.047950 0.002607
-0.040091 0.047950 -0.019773
-0.046090 0.047950 0.018239
-0.041015 0.047950 0.019439
-0.057078 0.047950 0.007635
-0.054417 0.047950 0.012119
-0.050666 0.047950 0.015740
-0.041015 0.047950 -0.019439
-0.046090 0.047950 -0.018239
-0.050666 0.047950 -0.015740
-0.054417 0.047950 -0.012119
-0.057078 0.047950 -0.007635
-0.058457 0.047950 -0.002607
-0.040091 0.047950 0.019773
-0.039437 0.047950 0.020506
-0.035821 0.047950 0.026319
-0.030558 0.047950 0.032280
-0.024317 0.047950 0.037209
-0.017298 0.047950 0.040946
-0.009726 0.047950 0.043373
-0.000000 0.047950 0.042500
-0.001842 0.047950 0.044412
0.006101 0.047950 0.044029
0.013849 0.047950 0.042238
0.021153 0.047950 0.039094
0.027780 0.047950 0.034699
0.033519 0.047950 0.029194
0.038184 0.047950 0.022755
0.041628 0.047950 0.015587
0.043739 0.047950 0.007920
0.044450 0.047950 0.000000
0.043739 0.047950 -0.007920
0.041628 0.047950 -0.015587
0.038184 0.047950 -0.022755
0.033519 0.047950 -0.029194
0.027780 0.047950 -0.034699
0.021153 0.047950 -0.039094
0.013849 0.047950 -0.042238
0.006101 0.047950 -0.044029
-0.000000 0.047950 -0.042500
-0.001842 0.047950 -0.044412
-0.009726 0.047950 -0.043373
-0.017298 0.047950 -0.040946
-0.024317 0.047950 -0.037209
-0.030558 0.047950 -0.032280
-0.035821 0.047950 -0.026319
-0.039437 0.047950 -0.020506
-0.039437 0.046950 -0.020506
-0.040091 0.046950 -0.019773
-0.041015 0.046950 -0.019439
-0.041015 0.046950 0.019439
-0.043593 0.046950 0.019009
-0.046090 0.046950 0.018239
-0.048461 0.046950 0.017143
-0.050666 0.046950 0.015740
-0.052663 0.046950 0.014056
-0.054417 0.046950 0.012119
-0.055898 0.046950 0.009967
-0.057078 0.046950 0.007635
-0.057936 0.046950 0.005167
-0.058457 0.046950 0.002607
-0.058632 0.046950 -0.000000
-0.058457 0.046950 -0.002607
-0.057936 0.046950 -0.005167
-0.057078 0.046950 -0.007635
-0.055898 0.046950 -0.009967
-0.054417 0.046950 -0.012119
-0.052663 0.046950 -0.014056
-0.050666 0.046950 -0.015740
-0.048461 0.046950 -0.017143
-0.046090 0.046950 -0.018239
-0.043593 0.046950 -0.019009
-0.040091 0.046950 0.019773
-0.039437 0.046950 0.020506
-0.030000 0.045950 0.019533
-0.030000 0.046950 0.019533
-0.039099 0.046950 0.019533
-0.039099 0.045950 0.019533
-0.039937 0.046950 0.019515
-0.039937 0.045950 0.019515
-0.008890 0.045950 0.020320
-0.039534 0.045950 0.020320
-0.008890 0.045950 0.043552
0.008890 0.045950 0.020320
0.008890 0.045950 0.043552
0.016510 0.045950 0.020320
0.016510 0.045950 -0.020320
0.016510 -0.024765 -0.000000
0.008890 0.045950 -0.020320
0.008890 0.045950 -0.043552
-0.008890 0.045950 -0.020320
-0.008890 0.045950 -0.043552
-0.039534 0.045950 -0.020320
-0.039099 0.046950 -0.019533
-0.039937 0.046950 -0.019515
-0.039099 0.045950 -0.019533
-0.039937 0.045950 -0.019515
-0.030000 0.046950 -0.019533
-0.030000 0.045950 -0.019533
0.006101 0.045950 -0.044029
-0.001842 0.045950 -0.044412
0.006101 0.045950 0.044029
-0.001842 0.045950 0.044412
-0.058632 0.046950 -0.000000
-0.058599 0.046950 0.000000
-0.051455 -0.011090 0.010165
-0.053248 -0.011090 0.007470
-0.024531 -0.011090 0.006617
-0.054462 -0.011090 0.004469
-0.055047 -0.011090 0.001285
-0.025778 -0.011090 -0.008863
-0.023498 -0.011090 0.003549
-0.023103 -0.011090 0.000336
-0.023362 -0.011090 -0.002891
-0.024267 -0.011090 -0.006000
-0.049156 -0.011090 0.012444
-0.046445 -0.011090 0.014214
-0.043433 -0.011090 0.015402
-0.037008 -0.011090 0.015863
-0.040244 -0.011090 0.015959
-0.054979 -0.011090 -0.001952
-0.054261 -0.011090 -0.005109
-0.052923 -0.011090 -0.008057
-0.042784 -0.011090 -0.015570
-0.039574 -0.011090 -0.015993
-0.045842 -0.011090 -0.014509
-0.048625 -0.011090 -0.012855
-0.051018 -0.011090 -0.010674
-0.030922 -0.011090 0.013753
-0.033858 -0.011090 0.015117
-0.028321 -0.011090 0.011825
-0.026161 -0.011090 0.009414
-0.030353 -0.011090 -0.013398
-0.027835 -0.011090 -0.011363
-0.033229 -0.011090 -0.014884
-0.036345 -0.011090 -0.015761
-0.022849 -0.009855 0.007381
-0.021696 -0.009855 0.003959
-0.022023 -0.009090 0.005404
-0.022710 -0.009090 0.007444
-0.024211 -0.009090 0.010019
-0.024667 -0.009855 0.010501
-0.024544 -0.009090 0.010590
-0.027076 -0.009855 0.013191
-0.026974 -0.009090 0.013303
-0.027638 -0.009090 0.013796
-0.029978 -0.009855 0.015341
-0.029900 -0.009090 0.015472
-0.032003 -0.009090 0.016449
-0.033253 -0.009855 0.016863
-0.033203 -0.009090 0.017007
-0.036767 -0.009855 0.017695
-0.036747 -0.009090 0.017846
-0.036912 -0.009090 0.017851
-0.040377 -0.009855 0.017802
-0.040388 -0.009090 0.017954
-0.042018 -0.009090 0.017669
-0.043934 -0.009855 0.017180
-0.043975 -0.009090 0.017327
-0.046902 -0.009090 0.016173
-0.047293 -0.009855 0.015855
-0.047363 -0.009090 0.015991
-0.050317 -0.009855 0.013881
-0.050413 -0.009090 0.014000
-0.051118 -0.009090 0.013301
-0.052882 -0.009855 0.011339
-0.053000 -0.009090 0.011436
-0.054376 -0.009090 0.009367
-0.054882 -0.009855 0.008332
-0.055017 -0.009090 0.008403
-0.056237 -0.009855 0.004985
-0.056383 -0.009090 0.005027
-0.056442 -0.009090 0.004702
-0.056889 -0.009855 0.001433
-0.057041 -0.009090 0.001445
-0.057003 -0.009090 -0.000376
-0.056813 -0.009855 -0.002178
-0.056965 -0.009090 -0.002196
-0.056230 -0.009090 -0.005426
-0.056012 -0.009855 -0.005699
-0.056157 -0.009090 -0.005748
-0.054519 -0.009855 -0.008987
-0.054651 -0.009090 -0.009064
-0.053969 -0.009090 -0.010000
-0.052394 -0.009855 -0.011907
-0.052508 -0.009090 -0.012009
-0.050549 -0.009090 -0.013794
-0.049725 -0.009855 -0.014340
-0.049816 -0.009090 -0.014462
-0.046621 -0.009855 -0.016185
-0.046685 -0.009090 -0.016323
-0.046217 -0.009090 -0.016486
-0.043209 -0.009855 -0.017368
-0.043244 -0.009090 -0.017516
-0.041274 -0.009090 -0.017776
-0.039629 -0.009855 -0.017840
-0.039633 -0.009090 -0.017992
-0.036165 -0.009090 -0.017743
-0.036027 -0.009855 -0.017581
-0.036001 -0.009090 -0.017731
-0.032551 -0.009855 -0.016603
-0.032495 -0.009090 -0.016745
-0.031319 -0.009090 -0.016137
-0.029343 -0.009855 -0.014945
-0.029259 -0.009090 -0.015073
-0.027070 -0.009090 -0.013303
-0.026534 -0.009855 -0.012675
-0.026427 -0.009090 -0.012783
-0.024240 -0.009855 -0.009886
-0.024113 -0.009090 -0.009971
-0.023804 -0.009090 -0.009386
-0.022554 -0.009855 -0.006693
-0.022413 -0.009090 -0.006750
-0.021811 -0.009090 -0.004683
-0.021545 -0.009855 -0.003225
-0.021395 -0.009090 -0.003253
-0.021255 -0.009855 0.000374
-0.021103 -0.009090 0.000378
-0.021547 -0.009090 0.003992
-0.021971 -0.010504 -0.003147
-0.022956 -0.010504 -0.006530
-0.024601 -0.010504 -0.009646
-0.026839 -0.010504 -0.012367
-0.029580 -0.010504 -0.014582
-0.032710 -0.010504 -0.016200
-0.036102 -0.010504 -0.017154
-0.039616 -0.010504 -0.017407
-0.043109 -0.010504 -0.016946
-0.046439 -0.010504 -0.015792
-0.049467 -0.010504 -0.013991
-0.052071 -0.010504 -0.011618
-0.054144 -0.010504 -0.008769
-0.055602 -0.010504 -0.005560
-0.056383 -0.010504 -0.002125
-0.056457 -0.010504 0.001398
-0.055820 -0.010504 0.004864
-0.054499 -0.010504 0.008130
-0.052547 -0.010504 0.011064
-0.050045 -0.010504 0.013544
-0.047094 -0.010504 0.015470
-0.043817 -0.010504 0.016763
-0.040346 -0.010504 0.017370
-0.036824 -0.010504 0.017265
-0.033395 -0.010504 0.016453
-0.030199 -0.010504 0.014968
-0.027369 -0.010504 0.012871
-0.025018 -0.010504 0.010246
-0.023244 -0.010504 0.007202
-0.022119 -0.010504 0.003862
-0.021689 -0.010504 0.000365
-0.022610 -0.010938 -0.003030
-0.023557 -0.010938 -0.006287
-0.025141 -0.010938 -0.009287
-0.027296 -0.010938 -0.011906
-0.029934 -0.010938 -0.014039
-0.032948 -0.010938 -0.015596
-0.036213 -0.010938 -0.016515
-0.039597 -0.010938 -0.016758
-0.042960 -0.010938 -0.016315
-0.046165 -0.010938 -0.015204
-0.049081 -0.010938 -0.013470
-0.051588 -0.010938 -0.011185
-0.053584 -0.010938 -0.008442
-0.054987 -0.010938 -0.005353
-0.055739 -0.010938 -0.002046
-0.055810 -0.010938 0.001346
-0.055197 -0.010938 0.004682
-0.053925 -0.010938 0.007827
-0.052046 -0.010938 0.010651
-0.049637 -0.010938 0.013040
-0.046796 -0.010938 0.014894
-0.043641 -0.010938 0.016138
-0.040299 -0.010938 0.016722
-0.036908 -0.010938 0.016622
-0.033607 -0.010938 0.015840
-0.030531 -0.010938 0.014411
-0.027806 -0.010938 0.012391
-0.025542 -0.010938 0.009864
-0.023834 -0.010938 0.006933
-0.022751 -0.010938 0.003719
-0.022337 -0.010938 0.000352
0.044450 0.047950 0.000000
0.038735 -0.024765 -0.000000
