-0.017468 0.011904 -0.038635
-0.019000 0.012261 -0.038016
-0.019000 0.016925 -0.029938
-0.010683 0.010529 -0.041016
-0.012719 0.010797 -0.040552
-0.003596 0.009834 -0.042221
-0.006115 0.009928 -0.042058
0.019000 0.012261 -0.038016
0.017477 0.011891 -0.038658
0.019000 0.016925 -0.029938
0.013943 0.011031 -0.040148
0.000645 0.009675 -0.042495
0.003592 0.009837 -0.042214
0.007388 0.010046 -0.041853
0.010675 0.010540 -0.040998
0.019000 0.024136 0.024405
0.019000 0.021272 0.025591
0.019000 0.025576 0.008739
0.019000 0.050954 0.006289
0.019000 0.035761 0.002433
0.019000 0.050966 0.006214
0.019000 0.036062 -0.000820
0.019000 0.051046 0.005690
0.019000 0.051159 -0.002859
0.019000 0.051186 0.002854
0.019000 0.051205 -0.000499
0.019000 0.051186 0.002842
0.019000 0.051205 0.000499
0.019000 0.021272 -0.025591
0.019000 0.024136 -0.024405
0.019000 0.048535 -0.011012
0.019000 0.027210 -0.024000
0.019000 0.045716 -0.015281
0.019000 0.032451 -0.023421
0.019000 0.041933 -0.018954
0.019000 0.037439 -0.021711
0.019000 0.048714 -0.010944
0.019000 0.049235 -0.010615
0.019000 0.035168 -0.003963
0.019000 0.033199 -0.006570
0.019000 0.049249 0.010600
0.019000 0.049807 0.009968
0.019000 0.049830 0.009942
0.019000 0.050755 0.007599
0.019000 0.050533 0.008428
0.019000 0.050267 0.009057
0.019000 0.050032 0.009613
0.019000 0.030421 -0.008290
0.019000 0.027210 -0.008890
0.019000 0.018813 -0.027478
0.019000 0.023999 -0.008290
0.019000 0.049235 0.010615
0.019000 0.048638 0.010976
0.019000 0.034304 0.005357
0.019000 0.048535 0.011012
0.019000 0.031890 0.007558
0.019000 0.049769 -0.010029
0.019000 0.049803 -0.009969
0.019000 0.049578 -0.010274
0.019000 0.049250 -0.010601
0.019000 0.005910 0.038016
0.019000 0.020116 0.005357
0.019000 0.022530 0.007558
0.019000 0.050728 -0.007716
0.019000 0.050965 -0.006356
0.019000 0.050278 -0.009102
0.019000 0.050266 -0.009139
0.019000 0.051124 -0.004635
0.019000 0.050988 -0.006209
0.019000 0.050984 -0.006248
0.019000 0.021221 -0.006570
0.019000 0.005910 -0.038016
0.019000 0.019252 -0.003963
0.019000 0.018358 -0.000820
0.019000 0.018659 0.002433
0.019000 0.018813 0.027478
0.019000 0.016925 0.029938
0.019000 0.012261 0.038016
0.019000 0.045716 0.015281
0.019000 0.028844 0.008739
0.019000 0.041933 0.018954
0.019000 0.037439 0.021711
0.019000 0.032451 0.023421
0.019000 0.027210 0.024000
-0.019000 0.023999 0.008290
-0.019000 0.021221 0.006570
-0.019000 0.005910 0.038016
-0.019000 0.027210 0.008890
-0.019000 0.032451 0.023421
-0.019000 0.030421 0.008290
-0.019000 0.037439 0.021711
-0.019000 0.033199 0.006570
-0.019000 0.048638 -0.010976
-0.019000 0.048535 -0.011012
-0.019000 0.034304 -0.005357
-0.019000 0.031890 -0.007558
-0.019000 0.019252 0.003963
-0.019000 0.018358 0.000820
-0.019000 0.005910 -0.038016
-0.019000 0.018659 -0.002433
-0.019000 0.020116 -0.005357
-0.019000 0.022530 -0.007558
-0.019000 0.012261 0.038016
-0.019000 0.016925 0.029938
-0.019000 0.018813 0.027478
-0.019000 0.021272 0.025591
-0.019000 0.024136 0.024405
-0.019000 0.027210 0.024000
-0.019000 0.041933 0.018954
-0.019000 0.045716 0.015281
-0.019000 0.035168 0.003963
-0.019000 0.048535 0.011012
-0.019000 0.036062 0.000820
-0.019000 0.049235 -0.010615
-0.019000 0.049249 -0.010600
-0.019000 0.049807 -0.009968
-0.019000 0.049250 0.010601
-0.019000 0.049830 -0.009942
-0.019000 0.049578 0.010274
-0.019000 0.050032 -0.009613
-0.019000 0.049769 0.010029
-0.019000 0.050267 -0.009057
-0.019000 0.049803 0.009969
-0.019000 0.050266 0.009139
-0.019000 0.050278 0.009102
-0.019000 0.049235 0.010615
-0.019000 0.048714 0.010944
-0.019000 0.035761 -0.002433
-0.019000 0.027210 -0.024000
-0.019000 0.024136 -0.024405
-0.019000 0.025576 -0.008739
-0.019000 0.021272 -0.025591
-0.019000 0.018813 -0.027478
-0.019000 0.045716 -0.015281
-0.019000 0.028844 -0.008739
-0.019000 0.032451 -0.023421
-0.019000 0.037439 -0.021711
-0.019000 0.041933 -0.018954
-0.019000 0.050728 0.007716
-0.019000 0.050954 -0.006289
-0.019000 0.050755 -0.007599
-0.019000 0.050533 -0.008428
-0.019000 0.051186 -0.002842
-0.019000 0.051186 -0.002854
-0.019000 0.051046 -0.005690
-0.019000 0.051124 0.004635
-0.019000 0.051159 0.002859
-0.019000 0.050988 0.006209
-0.019000 0.050965 0.006356
-0.019000 0.050984 0.006248
-0.019000 0.050966 -0.006214
-0.019000 0.051205 0.000499
-0.019000 0.051205 -0.000499
-0.017315 0.049250 -0.013176
-0.018836 0.051210 -0.000029
-0.018825 0.051210 0.000000
-0.018618 0.051210 -0.002785
0.018836 0.051210 -0.000029
0.018658 0.050280 -0.009788
0.017315 0.049250 -0.013176
0.018485 0.048035 -0.011930
0.016767 0.050280 -0.012759
0.018825 0.051210 -0.000000
0.018618 0.051210 -0.002785
0.017894 0.051210 -0.005847
-0.017894 0.051210 -0.005847
-0.016670 0.051210 -0.008745
-0.017746 0.050968 -0.009310
-0.016767 0.050280 -0.012759
-0.018658 0.050280 -0.009788
-0.018485 0.048035 -0.011930
0.017508 0.048035 -0.013322
0.015519 0.048035 -0.015526
0.014879 0.049250 -0.015876
0.015044 0.048035 -0.016052
0.012027 0.049250 -0.018132
0.012160 0.048035 -0.018334
0.011684 0.048035 -0.018595
0.008839 0.049250 -0.019882
0.008937 0.048035 -0.020103
0.007240 0.048035 -0.020693
0.005404 0.049250 -0.021077
0.005464 0.048035 -0.021311
0.002456 0.048035 -0.021819
0.001818 0.049250 -0.021682
0.001838 0.048035 -0.021923
-0.001818 0.049250 -0.021682
-0.001838 0.048035 -0.021923
-0.002456 0.048035 -0.021819
-0.005404 0.049250 -0.021077
-0.005464 0.048035 -0.021311
-0.007240 0.048035 -0.020693
-0.008839 0.049250 -0.019882
-0.008937 0.048035 -0.020103
-0.011684 0.048035 -0.018595
-0.012027 0.049250 -0.018132
-0.012160 0.048035 -0.018334
-0.014879 0.049250 -0.015876
-0.015044 0.048035 -0.016052
-0.015519 0.048035 -0.015526
-0.017508 0.048035 -0.013322
-0.014408 0.050280 -0.015374
-0.011646 0.050280 -0.017559
-0.008559 0.050280 -0.019253
-0.005233 0.050280 -0.020410
-0.001761 0.050280 -0.020996
0.001761 0.050280 -0.020996
0.005233 0.050280 -0.020410
0.008559 0.050280 -0.019253
0.011646 0.050280 -0.017559
0.014408 0.050280 -0.015374
-0.015948 0.050968 -0.012136
-0.013704 0.050968 -0.014622
-0.011077 0.050968 -0.016700
-0.008141 0.050968 -0.018312
-0.004977 0.050968 -0.019412
-0.001675 0.050968 -0.019970
0.001675 0.050968 -0.019970
0.004977 0.050968 -0.019412
0.008141 0.050968 -0.018312
0.011077 0.050968 -0.016700
0.013704 0.050968 -0.014622
0.015948 0.050968 -0.012136
0.017746 0.050968 -0.009310
-0.014981 0.051210 -0.011400
-0.012873 0.051210 -0.013736
-0.010405 0.051210 -0.015688
-0.007647 0.051210 -0.017202
-0.004676 0.051210 -0.018235
-0.001573 0.051210 -0.018759
0.001573 0.051210 -0.018759
0.004676 0.051210 -0.018235
0.007647 0.051210 -0.017202
0.010405 0.051210 -0.015688
0.012873 0.051210 -0.013736
0.014981 0.051210 -0.011400
0.016670 0.051210 -0.008745
-0.018836 0.051210 0.000029
0.017142 0.046853 -0.013789
0.011691 0.042341 -0.018610
0.012930 0.043310 -0.017799
0.013915 0.044110 -0.017041
0.015551 0.045482 -0.015555
0.015619 0.045539 -0.015494
0.015814 0.045708 -0.015275
0.004203 0.037682 -0.021595
0.005784 0.038410 -0.021226
0.007263 0.039248 -0.020760
0.007420 0.039337 -0.020711
0.009297 0.040568 -0.019939
0.011135 0.041907 -0.018974
0.011167 0.041932 -0.018953
-0.003703 0.037492 -0.021686
-0.003523 0.037438 -0.021711
-0.002462 0.037124 -0.021856
-0.002263 0.037065 -0.021883
-0.000710 0.036828 -0.021989
0.000873 0.036841 -0.021983
0.002360 0.037088 -0.021873
0.002463 0.037114 -0.021861
0.002610 0.037150 -0.021845
0.003471 0.037438 -0.021710
-0.008514 0.040035 -0.020286
-0.007520 0.039398 -0.020675
-0.007262 0.039253 -0.020755
-0.005578 0.038306 -0.021281
-0.014380 0.044495 -0.016650
-0.012579 0.043029 -0.018049
-0.015550 0.045481 -0.015554
-0.011687 0.042342 -0.018604
-0.011143 0.041923 -0.018942
-0.010629 0.041527 -0.019262
-0.017121 0.046835 -0.013815
-0.015818 0.045710 -0.015277
-0.015679 0.045590 -0.015433
0.018836 0.051210 0.000029
-0.001573 0.051210 0.018759
0.001573 0.051210 0.018759
-0.004676 0.051210 0.018235
0.004676 0.051210 0.018235
-0.007647 0.051210 0.017202
0.007647 0.051210 0.017202
-0.010405 0.051210 0.015688
0.010405 0.051210 0.015688
-0.012873 0.051210 0.013736
0.012873 0.051210 0.013736
-0.014981 0.051210 0.011400
0.014981 0.051210 0.011400
-0.016670 0.051210 0.008745
0.016670 0.051210 0.008745
-0.017894 0.051210 0.005847
0.017894 0.051210 0.005847
-0.018618 0.051210 0.002785
0.018618 0.051210 0.002785
-0.003604 -0.000000 -0.042347
-0.023799 0.005910 -0.035212
-0.017506 -0.000000 -0.038727
-0.020727 -0.000000 0.037103
-0.026699 0.005910 0.033067
-0.026699 -0.000000 0.033067
-0.031904 0.005910 0.028079
-0.031904 -0.000000 0.028079
-0.036190 0.005910 0.022283
-0.036190 -0.000000 0.022283
-0.039435 0.005910 0.015846
-0.039435 -0.000000 0.015846
-0.041546 0.005910 0.008954
-0.041546 -0.000000 0.008954
-0.042462 0.005910 0.001804
-0.042462 -0.000000 0.001804
-0.042156 0.005910 -0.005398
-0.042156 -0.000000 -0.005398
-0.040637 0.005910 -0.012445
-0.040637 -0.000000 -0.012445
-0.037949 0.005910 -0.019134
-0.037949 -0.000000 -0.019134
-0.034170 0.005910 -0.025272
-0.034170 -0.000000 -0.025272
-0.029407 0.005910 -0.030683
-0.029407 -0.000000 -0.030683
-0.023799 -0.000000 -0.035212
-0.014153 0.011082 0.040059
-0.014158 -0.000000 0.040072
-0.020727 0.005910 0.037103
-0.007183 -0.000000 0.041889
-0.007181 0.010035 0.041873
-0.007388 0.010046 0.041853
-0.013943 0.011031 0.040148
-0.000645 0.009675 0.042495
-0.000000 -0.000000 0.042500
-0.000003 0.009699 0.042454
0.006115 0.009928 0.042058
0.007183 -0.000000 0.041889
0.007166 0.010066 0.041818
0.020727 0.005910 0.037103
0.014158 -0.000000 0.040072
0.012719 0.010797 0.040552
0.014123 0.011125 0.039985
0.023799 -0.000000 -0.035212
0.029407 0.005910 -0.030683
0.029407 -0.000000 -0.030683
0.034170 0.005910 -0.025272
0.034170 -0.000000 -0.025272
0.037949 0.005910 -0.019134
0.037949 -0.000000 -0.019134
0.040637 0.005910 -0.012445
0.040637 -0.000000 -0.012445
0.042156 0.005910 -0.005398
0.042156 -0.000000 -0.005398
0.042462 0.005910 0.001804
0.042462 -0.000000 0.001804
0.041546 0.005910 0.008954
0.041546 -0.000000 0.008954
0.039435 0.005910 0.015846
0.039435 -0.000000 0.015846
0.036190 0.005910 0.022283
0.036190 -0.000000 0.022283
0.031904 0.005910 0.028079
0.031904 -0.000000 0.028079
0.026699 0.005910 0.033067
0.026699 -0.000000 0.033067
0.020727 -0.000000 0.037103
0.017506 -0.000000 -0.038727
0.023799 0.005910 -0.035212
0.010709 -0.000000 -0.041129
0.003604 -0.000000 -0.042347
-0.010709 -0.000000 -0.041129
0.020000 0.034304 0.005357
0.020000 0.031890 0.007558
0.020000 0.028844 0.008739
0.020000 0.025576 0.008739
0.020000 0.022530 0.007558
0.020000 0.030421 -0.008290
0.020000 0.033199 -0.006570
0.020000 0.020116 0.005357
0.020000 0.018659 0.002433
0.020000 0.018358 -0.000820
0.020000 0.023999 -0.008290
0.020000 0.027210 -0.008890
0.020000 0.021221 -0.006570
0.020000 0.019252 -0.003963
0.020000 0.035761 0.002433
0.020000 0.036062 -0.000820
0.020000 0.035168 -0.003963
0.017315 0.049250 0.013176
-0.018658 0.050280 0.009788
-0.017315 0.049250 0.013176
-0.018485 0.048035 0.011930
-0.016767 0.050280 0.012759
0.017746 0.050968 0.009310
0.016767 0.050280 0.012759
0.018658 0.050280 0.009788
0.018485 0.048035 0.011930
-0.017508 0.048035 0.013322
-0.015519 0.048035 0.015526
-0.014879 0.049250 0.015876
-0.015044 0.048035 0.016052
-0.012027 0.049250 0.018132
-0.012160 0.048035 0.018334
-0.011684 0.048035 0.018595
-0.008839 0.049250 0.019882
-0.008937 0.048035 0.020103
-0.007240 0.048035 0.020693
-0.005404 0.049250 0.021077
-0.005464 0.048035 0.021311
-0.002456 0.048035 0.021819
-0.001818 0.049250 0.021682
-0.001838 0.048035 0.021923
0.001818 0.049250 0.021682
0.001838 0.048035 0.021923
0.002456 0.048035 0.021819
0.005404 0.049250 0.021077
0.005464 0.048035 0.021311
0.007240 0.048035 0.020693
0.008839 0.049250 0.019882
0.008937 0.048035 0.020103
0.011684 0.048035 0.018595
0.012027 0.049250 0.018132
0.012160 0.048035 0.018334
0.014879 0.049250 0.015876
0.015044 0.048035 0.016052
0.015519 0.048035 0.015526
0.017508 0.048035 0.013322
0.014408 0.050280 0.015374
0.011646 0.050280 0.017559
0.008559 0.050280 0.019253
0.005233 0.050280 0.020410
0.001761 0.050280 0.020996
-0.001761 0.050280 0.020996
-0.005233 0.050280 0.020410
-0.008559 0.050280 0.019253
-0.011646 0.050280 0.017559
-0.014408 0.050280 0.015374
0.015948 0.050968 0.012136
0.013704 0.050968 0.014622
0.011077 0.050968 0.016700
0.008141 0.050968 0.018312
0.004977 0.050968 0.019412
0.001675 0.050968 0.019970
-0.001675 0.050968 0.019970
-0.004977 0.050968 0.019412
-0.008141 0.050968 0.018312
-0.011077 0.050968 0.016700
-0.013704 0.050968 0.014622
-0.015948 0.050968 0.012136
-0.017746 0.050968 0.009310
-0.017142 0.046853 0.013789
-0.011691 0.042341 0.018610
-0.012930 0.043310 0.017799
-0.013915 0.044110 0.017041
-0.015551 0.045482 0.015555
-0.015619 0.045539 0.015494
-0.015814 0.045708 0.015275
-0.004203 0.037682 0.021595
-0.005784 0.038410 0.021226
-0.007263 0.039248 0.020760
-0.007420 0.039337 0.020711
-0.009297 0.040568 0.019939
-0.011135 0.041907 0.018974
-0.011167 0.041932 0.018953
0.003703 0.037492 0.021686
0.003523 0.037438 0.021711
0.002462 0.037124 0.021856
0.002263 0.037065 0.021883
0.000710 0.036828 0.021989
-0.000873 0.036841 0.021983
-0.002360 0.037088 0.021873
-0.002463 0.037114 0.021861
-0.002610 0.037150 0.021845
-0.003471 0.037438 0.021710
0.008514 0.040035 0.020286
0.007520 0.039398 0.020675
0.007262 0.039253 0.020755
0.005578 0.038306 0.021281
0.014380 0.044495 0.016650
0.012579 0.043029 0.018049
0.015550 0.045481 0.015554
0.011687 0.042342 0.018604
0.011143 0.041923 0.018942
0.010629 0.041527 0.019262
0.017121 0.046835 0.013815
0.015818 0.045710 0.015277
0.015679 0.045590 0.015433
-0.020000 0.018358 0.000820
-0.020000 0.019252 0.003963
-0.020000 0.033199 0.006570
-0.020000 0.034304 -0.005357
-0.020000 0.031890 -0.007558
-0.020000 0.028844 -0.008739
-0.020000 0.018659 -0.002433
-0.020000 0.020116 -0.005357
-0.020000 0.022530 -0.007558
-0.020000 0.025576 -0.008739
-0.020000 0.027210 0.008890
-0.020000 0.030421 0.008290
-0.020000 0.023999 0.008290
-0.020000 0.021221 0.006570
-0.020000 0.035761 -0.002433
-0.020000 0.036062 0.000820
-0.020000 0.035168 0.003963
